  0.10000000149011612     
  0.88625422140825094     
  0.74551995029167983     
  0.76238515336123669     
  0.67456591751906458     
  0.71723444953605053     
  0.80207472438006278     
  0.82254803370449281     
  0.71517102207403127     
  0.75222682365582250     
  0.81166098560447608     
  0.80234863368804810     
  0.73581275618633057     
  0.84978415498540727     
  0.77864567523431560     
  0.73513491969693945     
  0.74264326477360498     
  0.68169632120952883     
  0.54651979424888708     
  0.48263655871889455     
  0.42886946935843184     
  0.37265761055456892     
  0.32942998552230307     
  0.27083450169511281     
  0.36750772539551235     
  0.40375894655329603     
  0.33944975120989085     
  0.29981145031561596     
  0.25583127388651405     
  0.23118080344173109     
  0.21724916684959794     
  0.19804324177462718     
  0.13968177738755116     
  0.10261767294687729     
   5.3476282428079003E-002
   2.2824588075991414E-002
  -2.7613157408211464E-002
 -0.12447918001274161     
 -0.15470754314809199     
 -0.18393070756727070     
 -0.20287106380170450     
 -0.22705373304172838     
 -0.24363504538720804     
  -3.2555306285130143     
  -2.4490478989175841     
  -1.9308220414201855     
  -2.1908277793434259     
  -1.2543601601440457     
  -1.3844224922493424     
 -0.88775928365609502     
  -1.1858245097990903     
  -1.5057575222870341     
  -1.2139789361701503     
  -1.5353077264902240     
 -0.52367646770341025     
  -2.4146618941289830     
  -1.6426905953897517     
  -1.1864484830738320     
  -1.6606180325574940     
  -1.7199341649686346     
  -1.8663833643842054     
  -1.1994913031172985     
  -2.2643543558926638     
  -1.3583008884452852     
  -1.9182137954922034     
  -1.8935761266649394     
  -2.2285666459431184     
  -1.8240509993869551     
  -2.3240884226267724     
  -1.2043865642100968     
  -1.9881611464391398     
  -1.6879495975368286     
  -2.1243476713375742     
  -2.1009869036694369     
  -1.6541421099462781     
  -1.1137068999779984     
  -1.0805210376287420     
  -2.3523371117622958     
  -1.3779981118878339     
  -1.2096515025048404     
  -2.2494310109934901     
  -1.7224349686233182     
  -2.5284166002880255     
  -2.2943156460253533     
  -2.4893540356624442     
  -2.0709080441352823     
  -2.4042682355006004     
  -1.0631186604568938     
 -0.69212015307422803     
  -2.0257860134426267     
  -1.7521347666761358     
 -0.98952474021180592     
 -0.94579130606575745     
  -1.2933886248859352     
 -0.65171276124948463     
  -1.4088907104070358     
  -1.1601159968617338     
 -0.87614212911813549     
 -0.83590996847833310     
 -0.61209319328756351     
 -0.96842401853771420     
 -0.96387564356894018     
 -0.66383275504961148     
 -0.51666252161505266     
 -0.57263237125535227     
 -0.75271428246526284     
 -0.63919052226209061     
 -0.40659590328147743     
 -0.76634046691674484     
 -0.80499921806841712     
 -0.47565122641903912     
 -0.55044584706450905     
 -0.24513093998612590     
 -0.19463820368392248     
 -0.14823306740402131     
 -0.12116553813887165     
 -0.13585887898898363     
  -8.2601959317301521E-002
 -0.17873211227218411     
 -0.16319091112899287     
 -0.23250052408201327     
 -0.21793717568954207     
 -0.28191203688345468     
 -0.25013672728387348     
 -0.25476681094063025     
 -0.23357405584712865     
 -0.23243741190523792     
 -0.22792113185587937     
 -0.23748304192321257     
 -0.23065568090680699     
 -0.27646329046902807     
 -0.82475217576362070     
 -0.79393569536807718     
 -0.49295128636630636     
 -0.64848250637993488     
 -0.93189442869675787     
 -0.68395921164283280     
  0.94845394272093131     
  0.32884009571247930     
  0.29695923474162100     
  0.23694535892646229     
  0.21352955645653537     
  0.27515363753835231     
  0.33226531346110733     
  0.15003314680106428     
  0.30444116065960714     
  0.13403226778957844     
  0.12429358731512252     
   3.1661465901942520E-002
  -4.8490634823213696E-002
  -1.5730826344313016     
 -0.90109247854086050     
 -0.85679265627132395     
 -0.75233284125437194     
 -0.30132842597967624     
  -2.3040227614447417     
 -0.47917312994935912     
 -0.44688861549417425     
 -0.18700461482969999     
  -3.3823597241315895E-002
 -0.97201270752601943     
  0.40927324265043552     
  -6.6713680016361252     
  -1.3382247678612842     
  -1.1667222828845922     
  -1.1609466075945818     
  -1.2099018157336756     
 -0.73083145572238095     
 -0.68492516655049940     
 -0.69800091447726942     
 -0.55991394457683441     
 -0.52871307369854748     
 -0.51418774991266503     
 -0.40816386813105510     
 -0.33534431891018812     
 -0.31394728432039187     
 -0.25297494482414606     
 -0.19494771481447160     
 -0.13790849444779951     
  -9.0153606916786089E-002
   1.1852616376245351E-002
   4.1432714875440979E-002
  0.12133305261548344     
  0.17038980406887561     
  0.21571523213253840     
  0.24562528252480575     
  0.30829395739573329     
  0.35850234036907125     
  0.39862233345985487     
  0.43884207132361297     
  0.47397649179407608     
  0.50199452167498748     
  0.54678235960352595     
  0.56525141792974409     
  0.59273131254346367     
  0.61401005149964760     
  0.63503355995044330     
  0.64661463967172494     
  0.63862143106692315     
  0.64212132261829424     
  0.63250450903151290     
  0.62901612576612820     
  0.61758249542143062     
  0.61034851173100435     
  0.60249661162396251     
  0.59329932122980722     
  0.57863299824835224     
  0.55316142790519507     
  0.53574766036008725     
  0.52078863836418066     
  0.49355538108358132     
  0.46370294953653968     
  0.43235179617956021     
  0.39625928997213578     
  0.35176472959973637     
  0.30371170035751760     
  0.25986217130549250     
  0.20962101182431070     
  0.16247803537837058     
  0.10888470132514527     
   5.7013593086857384E-002
   2.7383953343047551E-003
  -5.1048721907164918E-002
 -0.11114838714246389     
 -0.17009272231783257     
 -0.21673399903605173     
 -0.27069833223504247     
 -0.32913202595656799     
 -0.38149233175006891     
 -0.42804622475607346     
 -0.47384276752762844     
 -0.52066368374161698     
 -0.56830454370814465     
 -0.61305654025365186     
 -0.65576389276911584     
 -0.68995841521230261     
 -0.72169143240117251     
 -0.75329234177880267     
 -0.77670329690995743     
 -0.80088784244300371     
 -0.82191234170770144     
 -0.83592469205077435     
 -0.84762326740705873     
 -0.84847762994954223     
 -0.85259290498976981     
 -0.84885121435640432     
 -0.84501086536789671     
 -0.83052906515106173     
 -0.81401298423562096     
 -0.79399283369906470     
 -0.77093430065963275     
 -0.75478590413146662     
 -0.74105688869173036     
 -0.71980117179477077     
 -0.69798648719847733     
 -0.67632007919725368     
 -0.64939596435366553     
 -0.61957941940744377     
 -0.59467750720526169     
 -0.56360725302982262     
 -0.52812386760280106     
 -0.49159734346254425     
 -0.44712222958031589     
 -0.40983089119043825     
 -0.37634415551306688     
 -0.33623614593309981     
 -0.30044711225329479     
 -0.26223266096349107     
 -0.21779162127651830     
 -0.17207978596347218     
 -0.12846161351991725     
  -7.9037828956941780E-002
  -3.1400272518375516E-002
   1.3132373672300801E-002
   5.8712358519116492E-002
  0.10187020247045808     
  0.14650866718216093     
  0.18138436495333021     
  0.21353827571360284     
  0.24766866321903080     
  0.28713204686046367     
  0.32417639575805879     
  0.35165738261332535     
  0.37041963986308701     
  0.39466490570737278     
  0.40938862694636668     
  0.42635824460264615     
  0.44338063217653811     
  0.45689184503495284     
  0.46804868554474410     
  0.48007195724738949     
  0.49352180465454865     
  0.50665592294399175     
  0.51939327079102782     
  0.53065752356317830     
  0.54781820568001649     
  0.55386544000221249     
  0.55269031236306887     
  0.55390169543455459     
  0.55353652819091792     
  0.54959549191568158     
  0.53893291455555925     
  0.52647972896221518     
  0.51706676390006834     
  0.50601998141371496     
  0.49158845503015414     
  0.46456195947556012     
  0.44039472665333612     
  0.41550392615520337     
  0.38553750253234398     
  0.36192174324261828     
  0.32906270914136115     
  0.29241458116669605     
  0.26055767162125676     
  0.22619130054815173     
  0.18705743278057696     
  0.15339211632584693     
  0.10904742311532800     
   6.1438107800690034E-002
   1.3162131583641212E-002
  -2.8922049635582425E-002
  -6.9987415243303985E-002
 -0.12166086414582367     
 -0.17257706381306548     
 -0.21702250676933943     
 -0.26222324509130601     
 -0.30326127673340864     
 -0.34667562156561971     
 -0.38725340208308978     
 -0.43182222034550932     
 -0.46979097537204240     
 -0.50560177957900976     
 -0.53159741991345300     
 -0.56104798587261939     
 -0.59458658334810366     
 -0.62032183384880568     
 -0.64346068682995394     
 -0.65892915167639643     
 -0.67158241884038716     
 -0.69021389577520154     
 -0.70026828622195580     
 -0.70863866585352753     
 -0.71672922167192610     
 -0.72584251865711735     
 -0.72681740939754036     
 -0.72654314311502333     
 -0.72173954805791141     
 -0.71878250370426144     
 -0.72195562777893230     
 -0.71782400263130342     
 -0.71271291885830124     
 -0.70307160242258959     
 -0.69003995183140532     
 -0.67356078663189400     
 -0.65478977073650313     
 -0.63065948427957608     
 -0.60939510572222844     
 -0.58358033985869895     
 -0.54928871452656125     
 -0.51331164851306710     
 -0.47923139753537214     
 -0.44285067646865173     
 -0.41212231603151395     
 -0.37672715352377573     
 -0.33936909813870386     
 -0.30139847891762628     
 -0.26392270130662610     
 -0.22509796044265329     
 -0.18410661806255035     
 -0.13951901817275569     
  -9.6334184809393264E-002
  -4.6521268306946695E-002
   4.7888892130458771E-003
   4.7078179639783002E-002
   8.1254591999496029E-002
  0.12020612213514426     
  0.15287538277492274     
  0.19121710463355157     
  0.22450063620138394     
  0.24922514424329023     
  0.27482405786732045     
  0.29948202120831979     
  0.31580275032469074     
  0.33425596420420334     
  0.34328263486499111     
  0.34812733731342860     
  0.34602198663944961     
  0.34170750563387742     
  0.34240904015442197     
  0.33399321736860799     
  0.32446131097543685     
  0.31734747807890429     
  0.31187904502513675     
  0.29838717435046025     
  0.28493295033662491     
  0.26749009222395159     
  0.24872839795978052     
  0.22493142825865675     
  0.20093039227137410     
  0.16901504001214107     
  0.13821686181321979     
  0.11355599627313495     
   8.5625933503735041E-002
   5.2058947731069338E-002
   2.0796399782909702E-002
  -5.8587102378453437E-003
  -2.7557017066186518E-002
  -5.4346350034336410E-002
  -8.5126974055555138E-002
 -0.11933033046847186     
 -0.14942242712038478     
 -0.17442996521119625     
 -0.19730746329415183     
 -0.22196551521210495     
 -0.24912862066770458     
 -0.27515909349176582     
 -0.30355731700572619     
 -0.33393034100143382     
 -0.36514246778670412     
 -0.39715661455802831     
 -0.42515553923396965     
 -0.44783561995322430     
 -0.46508217729896728     
 -0.47766487824796400     
 -0.48373366533161288     
 -0.48951885360656888     
 -0.50187807900056214     
 -0.50190406876811267     
 -0.51405840116237300     
 -0.52092726360845631     
 -0.52732051758664511     
 -0.53019538550586276     
 -0.53950346776400693     
 -0.54392721261001498     
 -0.54191960560700636     
 -0.53243731329143884     
 -0.53147483810364804     
 -0.52519572380226975     
 -0.51091638655123006     
 -0.49547467800897493     
 -0.48911938225944596     
 -0.47657032446493020     
 -0.46093696287536545     
 -0.43961863295196224     
 -0.41233927381147595     
 -0.38542192332794301     
 -0.35492098599694089     
 -0.32715903081336251     
 -0.29355214812600394     
 -0.25908535098707830     
 -0.22256441841469154     
 -0.18031734906327657     
 -0.13704599049824395     
  -9.7381713400409353E-002
  -5.1349148776651532E-002
  -9.9457856229321351E-003
   3.4488740278732166E-002
   8.4387360554913471E-002
  0.13093634040744462     
  0.17578695963152313     
  0.22339611759856126     
  0.26996753256022998     
  0.32267427992255193     
  0.36606564428657506     
  0.40850343977911052     
  0.44613354359836421     
  0.47903851282165988     
  0.49780476585002020     
  0.52001493959325273     
  0.53690485051124170     
  0.55060000072306536     
  0.55925990137529880     
  0.56411355823827591     
  0.56529222722990191     
  0.56463282048733276     
  0.56248705039070046     
  0.55704263610817861     
  0.53899510831165287     
  0.51395517767554111     
  0.49400456843463303     
  0.46665584393666393     
  0.43463543600034971     
  0.40170716744626844     
  0.36453463756278381     
  0.32722411824687470     
  0.29152741875211063     
  0.25788436954360350     
  0.22667243560644579     
  0.19913404001721347     
  0.17088149398751540     
  0.13801940898378007     
  0.10983703064794526     
   7.8603917118954314E-002
   4.9994779266199885E-002
   2.7815065932060179E-002
   1.8954611788757347E-003
  -2.4893646738249231E-002
  -5.4258841043690609E-002
  -8.7012615708054852E-002
 -0.11917291358392390     
 -0.14648401465242955     
 -0.17052055415705070     
 -0.19747153485170088     
 -0.22037407119807995     
 -0.23728052102264563     
 -0.25316400734945077     
 -0.27027496843615495     
 -0.27996098288856786     
 -0.29220155676841841     
 -0.30032316940531700     
 -0.31066831260675087     
 -0.32059817120753564     
 -0.33481121567943717     
 -0.34282356731256414     
 -0.35842240745762410     
 -0.37875639418909657     
 -0.39315740620642714     
 -0.41413336866120254     
 -0.43216288444268969     
 -0.44993710351399585     
 -0.46601080957933760     
 -0.48385193990029052     
 -0.49261274741223815     
 -0.50551671715093960     
 -0.51436396820326991     
 -0.51440411947737630     
 -0.52044115112476419     
 -0.52075463734686878     
 -0.52306889897860742     
 -0.52245074206277309     
 -0.52590580366405781     
 -0.52739233030645494     
 -0.52276252363665776     
 -0.52106280538899341     
 -0.51365826958325655     
 -0.50465186180431942     
 -0.48805659738228258     
 -0.47271816429913827     
 -0.45838976853975666     
 -0.44244512793189017     
 -0.41737604971973497     
 -0.40205388860499625     
 -0.38494596034809092     
 -0.35868251622167691     
 -0.33975953018602922     
 -0.31351492381685375     
 -0.28763327621534529     
 -0.26400370664667938     
 -0.23712675829375485     
 -0.21493157299531518     
 -0.19302769651284990     
 -0.16815379182872903     
 -0.14612019990237002     
 -0.12472980178682747     
 -0.11006473309360132     
  -9.2017608684699326E-002
  -7.8255652643333562E-002
  -6.0254418451904712E-002
  -5.0951574022121804E-002
  -4.7608582746846650E-002
  -4.1577721212604501E-002
  -3.1850089879384313E-002
  -1.7978063481240980E-002
  -4.5094384356829664E-003
   6.8095103786163236E-003
   1.8293810443850589E-002
   3.2715767794257999E-002
   5.2480161079031973E-002
   7.0265095439101088E-002
   8.6819572644827758E-002
  0.10616314218017919     
  0.12816171449054536     
  0.15596562379704437     
  0.17644635389021346     
  0.19992444858119995     
  0.22577477963836401     
  0.24905918969861673     
  0.27235938585855024     
  0.28814896296154302     
  0.30588523128954392     
  0.32181223673865134     
  0.33143867963897833     
  0.34301527051366065     
  0.35627072592065190     
  0.37169964373157427     
  0.38198816632603894     
  0.38323162998769078     
  0.38013085056346974     
  0.37356150924148324     
  0.36813833180713118     
  0.36549970340696802     
  0.36105315144720862     
  0.35817952668188013     
  0.35746574602239889     
  0.35804220320151359     
  0.35813009592032330     
  0.35640469521325713     
  0.35828512436837556     
  0.35846634244321507     
  0.35524374283115634     
  0.34795714614691065     
  0.34395151231803744     
  0.33961977237989061     
  0.33142585927469526     
  0.32042840768497172     
  0.31130386065404991     
  0.30808187609000015     
  0.29812222165347180     
  0.28164376583012540     
  0.26819613632125083     
  0.25707036260017446     
  0.24072686311639035     
  0.22400123887500278     
  0.20326859767325800     
  0.18736140513999899     
  0.16910365080002521     
  0.15092828121164814     
  0.13318665825978826     
  0.11711220254470334     
   9.8844617554902925E-002
   7.5510228850390604E-002
   6.0716942393071349E-002
   3.3815131334051785E-002
   1.1665955218312263E-002
  -1.2493325854855186E-002
  -3.3244948258072782E-002
  -5.7227370008163803E-002
  -8.3969413557667849E-002
 -0.11453005052367793     
 -0.14445029395227138     
 -0.17217161729223562     
 -0.19860610478050944     
 -0.23218344585458794     
 -0.25515826124131991     
 -0.29138924615401152     
 -0.32008979346983324     
 -0.35019769653725064     
 -0.37937565374755877     
 -0.40053756982287325     
 -0.42241161969843688     
 -0.44729903081889688     
 -0.46388970868426327     
 -0.48476006070146127     
 -0.49965859361152098     
 -0.51076852373925874     
 -0.51385799489708006     
 -0.51849347631809906     
 -0.52909643772811421     
 -0.53342776064704367     
 -0.53916945807017669     
 -0.54731789402180198     
 -0.54903523808542687     
 -0.54785102776062899     
 -0.54060099556566854     
 -0.53480883104640498     
 -0.52452548014403533     
 -0.51334611911050843     
 -0.49241670771971258     
 -0.47617818933468925     
 -0.45351891378663822     
 -0.43270098468290996     
 -0.41340061743974843     
 -0.39567109842746717     
 -0.37885285478427022     
 -0.35595611169410191     
 -0.33272460653331848     
 -0.30761464398379701     
 -0.27709527720068650     
 -0.24724983006450785     
 -0.21702796521115886     
 -0.18807318645816906     
 -0.15626157460204126     
 -0.12455306340231687     
  -9.5131545274028895E-002
  -6.1664601454609169E-002
  -2.3720418680298394E-002
   1.6214660493517385E-002
   5.1368944441009035E-002
   9.1605511419949437E-002
  0.13429824348861530     
  0.16800130035005623     
  0.19290088074544087     
  0.21293103203025510     
  0.23671745805253863     
  0.25402818619443224     
  0.26290609575740831     
  0.27293175878779152     
  0.27648433939087269     
  0.27846142886247094     
  0.28612750298856326     
  0.29031419351323962     
  0.28831532192057807     
  0.28268982696179989     
  0.27661384448182957     
  0.26250817172725505     
  0.24832594833532085     
  0.23182328067913716     
  0.21615052640620291     
  0.20091254531088865     
  0.18385422947973495     
  0.16277574830712993     
  0.13929110685160850     
  0.11948162058598655     
   9.1579913982215544E-002
   6.0627115487791983E-002
   2.7554914722315971E-002
   1.5520416768879386E-003
  -2.7326911201814852E-002
  -5.9888241623653471E-002
 -0.12479702950934168     
 -0.16128712477015483     
 -0.19111060672943836     
 -0.22618584241547524     
 -0.25908028079356882     
 -0.28240975543033642     
 -0.31737741323909319     
 -0.34620877547268947     
 -0.37506330177563996     
 -0.40660997848965508     
 -0.43533745569268945     
 -0.47984581986403896     
 -0.50047358048374235     
 -0.52741187472150841     
 -0.55381293891046823     
 -0.57621926163022863     
 -0.59421466319383853     
 -0.62695341313244768     
 -0.66213215270079218     
 -0.67780690638173979     
 -0.69333148291008229     
 -0.71508388456704708     
 -0.71950178397349873     
 -0.74530466100804915     
 -0.75451903090700867     
 -0.75713333540267058     
 -0.78168941861420649     
 -0.77300658830567670     
 -0.80969626481951185     
 -0.79150809551205725     
 -0.81406916797466877     
 -0.80632462952285522     
 -0.76082383078556859     
 -0.77724462229981839     
 -0.77625644880359346     
 -0.72900345061313487     
 -0.72764639139674614     
 -0.66012316663665160     
 -0.55909099563204734     
 -0.50765603463735687     
 -0.49197169467689150     
 -0.34879277603136671     
 -0.29982099759592984     
 -0.12729092837521705     
 -0.25214306627988492     
  -3.0614754837579028E-002
   1.6969649555929465     
   1.7635636718205205     
   4.1422089772899042     
   2.1465566119022412     
   8.8091345933108300E-002
 -0.20228815663225319     
 -0.14596780226717954     
  0.55030539868156580     
  -9.7821152498596575E-002
  -5.4006987851405341E-002
  -1.0494699729775903E-002
   3.5383273325379605E-002
   8.7628126934852446E-002
  0.13726044394428527     
  0.18491295365676308     
  0.23312357755952462     
  0.27377816307908631     
  0.30945251440634003     
  0.34365332664940951     
  0.37806582513033504     
  0.40464077519013131     
  0.41945043749501565     
  0.43734480867404102     
  0.45083166924062823     
  0.46512523590642019     
  0.47403016679720622     
  0.48460643845983498     
  0.49038681318988253     
  0.49536056068097878     
  0.49055520127320307     
  0.48860962088701854     
  0.47629167014044427     
  0.45944642410097458     
  0.44512543534718674     
  0.43038883373971260     
  0.41620924757137345     
  0.39540824148846809     
  0.36973375065258551     
  0.33725234193479992     
  0.29753734911444951     
  0.26448841383393074     
  0.21990531231435284     
  0.17826197868048155     
  0.14158596642023724     
  0.10078440925783561     
   5.9545655387120533E-002
   1.9400035114443881E-002
  -2.2361599587924275E-002
  -6.7969619719138841E-002
 -0.11514379447257284     
 -0.15584910016639952     
 -0.19862531871286393     
 -0.23707859874745907     
 -0.27501025921085898     
 -0.31852955637086211     
 -0.36102283586981798     
 -0.40285811121949422     
 -0.44175607637720304     
 -0.48623859584474616     
 -0.52399661976687639     
 -0.56640957867695363     
 -0.60810160640301092     
 -0.64608117381129659     
 -0.67475555653089714     
 -0.70280540751400622     
 -0.73528537164635566     
 -0.76146304393094510     
 -0.78272368904133316     
 -0.79357551537140125     
 -0.80812806864568643     
 -0.81786468866840778     
 -0.81865155077034224     
 -0.81767108043013081     
 -0.80927292205410595     
 -0.79390039623157804     
 -0.77341413027889994     
 -0.74793280953068120     
 -0.72486358187683209     
 -0.69560600708067000     
 -0.65651214383169076     
 -0.61936984981760190     
 -0.58227760995278288     
 -0.53867204606268615     
 -0.49989397099153621     
 -0.45613395670852697     
 -0.40549023700800646     
 -0.35593233269199231     
 -0.29812178360646158     
 -0.24698543765308045     
 -0.19184542014480144     
 -0.13025217048165416     
  -7.0272419752171800E-002
  -1.3458200496540229E-002
   4.5087886893142581E-002
   9.9354800111257191E-002
  0.15409443127569489     
  0.21248821157473685     
  0.26614346355177076     
  0.32550140761117063     
  0.37659853972797919     
  0.42830193730149091     
  0.48090712661375790     
  0.52849229214143634     
  0.56891895213409205     
  0.60526370611539448     
  0.64179508407676167     
  0.67618040755696995     
  0.71317160158277204     
  0.74373226549530358     
  0.76816231341311436     
  0.79362268529436619     
  0.81750200492257363     
  0.82723551309142351     
  0.83390265092649329     
  0.83862020717364771     
  0.83736082797551958     
  0.82935878999845158     
  0.82075245607887837     
  0.81333527939742822     
  0.79983714229624070     
  0.78583759557471922     
  0.77467461818685024     
  0.75829835779572363     
  0.73262228326901990     
  0.70351869713714166     
  0.67328782535582832     
  0.64491587066857292     
  0.61749133086667030     
  0.58279519489175868     
  0.53917137818282868     
  0.48769782225403446     
  0.44132238793559964     
  0.38624172518294131     
  0.33386476472539073     
  0.28469766208729652     
  0.22776627064249055     
  0.17651026358959143     
  0.12035009130885754     
   6.4041349010068416E-002
   1.1900029640251830E-002
  -3.6320222051486439E-002
  -8.8413113674218113E-002
 -0.13719973451591727     
 -0.19077740036252067     
 -0.24665909146136755     
 -0.30569912482143025     
 -0.36717392498813339     
 -0.42708981502921972     
 -0.48329715096073755     
 -0.53135054058388675     
 -0.57560442058684202     
 -0.62891855370108374     
 -0.67488220760891693     
 -0.71743270028358097     
 -0.75037740993681723     
 -0.78448741750850104     
 -0.81842547521237918     
 -0.85243396453486753     
 -0.88168671814540289     
 -0.90334619279838080     
 -0.92839065989655012     
 -0.94830272373826574     
 -0.96059855024225271     
 -0.96522680921805204     
 -0.95758727480165362     
 -0.95476573974939072     
 -0.94243753358483673     
 -0.92867768210974333     
 -0.91018014319148222     
 -0.88964558964639195     
 -0.87255843893645135     
 -0.85106837179023387     
 -0.81910088831457983     
 -0.78971820212368016     
 -0.75225748649634738     
 -0.71703866520365978     
 -0.67363029220774351     
 -0.62904897421180550     
 -0.57970275312184105     
 -0.52557214997256096     
 -0.47835436930333231     
 -0.42423082690608638     
 -0.36610798049977689     
 -0.31371818924070638     
 -0.26010056771680468     
 -0.20921282511210393     
 -0.15453680482437804     
  -9.6143382262795285E-002
  -4.5663972401627007E-002
   9.7669956904242392E-003
   6.6171120145156692E-002
  0.11704034465523705     
  0.17103613025516040     
  0.22837535472677928     
  0.28180183043877527     
  0.33240446293245896     
  0.38906903274653359     
  0.43583349607119715     
  0.48190093863422589     
  0.52675769627396107     
  0.57445889188653609     
  0.61663637629581558     
  0.66258633265576350     
  0.69886709844121242     
  0.73793643424947675     
  0.77145931905748455     
  0.79907110969575346     
  0.82428797878702653     
  0.84160792034774612     
  0.85384351809423720     
  0.86503618872438537     
  0.87542277044113348     
  0.87834671362296035     
  0.87327704728659228     
  0.85556438092848808     
  0.83600565663847703     
  0.80942284738582870     
  0.78152129689163985     
  0.74605920503965706     
  0.70737663307194509     
  0.66782274710577383     
  0.62784380766839831     
  0.58699953077757527     
  0.54944531975737476     
  0.50927277774731294     
  0.46110160049451565     
  0.41458032927995703     
  0.37211601594128751     
  0.32294361891422341     
  0.27792306785973153     
  0.22864829238602624     
  0.18003092894920059     
  0.13241624446431643     
   8.1833329682666545E-002
   3.5050734383261783E-002
  -1.6414202539834832E-002
  -6.6525834966512321E-002
 -0.10941591385693528     
 -0.15382056849614401     
 -0.20699290792262559     
 -0.25667012616602847     
 -0.30050907822536033     
 -0.34594930010004532     
 -0.38925906172838154     
 -0.42338873230826835     
 -0.46468058747473151     
 -0.49791816024084312     
 -0.53055264822798165     
 -0.56294090481163295     
 -0.59083708393702850     
 -0.61657456534432598     
 -0.63807595217642188     
 -0.65743188222944582     
 -0.68479481472019899     
 -0.70681494924210675     
 -0.72698594389814275     
 -0.73880000776538535     
 -0.74426707342382770     
 -0.75348829859515121     
 -0.75978563676326161     
 -0.76613936985773989     
 -0.76165406559738358     
 -0.76176835690981193     
 -0.75452688835665072     
 -0.74286675572554373     
 -0.72483445265621071     
 -0.69588332808839937     
 -0.67113875667223510     
 -0.64430524982992843     
 -0.61616504933368788     
 -0.58313258580743010     
 -0.54332303863276366     
 -0.50979584681080325     
 -0.47390644932622195     
 -0.43895474161021752     
 -0.40955226715863446     
 -0.38019962473056523     
 -0.34788512198186083     
 -0.31483897387968796     
 -0.27190730270569929     
 -0.23875030244131779     
 -0.20652551556227650     
 -0.17926691699035757     
 -0.14571735770073246     
 -0.12033116531443255     
  -9.2227834923399143E-002
  -6.4282792495625074E-002
  -3.6121545599158367E-002
  -9.6491409334191758E-003
   1.3084425412220213E-002
   3.6964626289481828E-002
   5.9574732275295972E-002
   8.3542817794153734E-002
  0.10633615868880497     
  0.11922876482412903     
  0.12509347856178010     
  0.12455657194502123     
  0.12068700358202022     
  0.11113264423026514     
   9.9783680428657817E-002
   9.1165569085887910E-002
   8.5792071420883076E-002
   8.4552498443215995E-002
   8.0296300710244850E-002
   7.7480149536299336E-002
   7.2705834824120075E-002
   7.0829636805257223E-002
   6.6373151424180321E-002
   6.1081147953927939E-002
   5.8804141611425109E-002
   5.7333225828699597E-002
   4.8322349369243511E-002
   4.1944338427896355E-002
   4.1312100720574563E-002
   4.3175697406582003E-002
   3.1515290679642760E-002
   2.0311046124419363E-002
   2.9562017161524068E-003
  -1.6295502257534622E-002
  -3.5678229896873859E-002
  -5.2166822872948160E-002
  -6.5210455906196785E-002
  -7.4751361437364494E-002
  -7.7371947052171208E-002
  -8.2940826516463062E-002
  -9.2019599773564664E-002
  -9.9312700406073873E-002
 -0.10013935841972454     
 -0.10516706192518654     
 -0.10772756794099791     
 -0.10587810105815265     
 -0.10144251106240176     
  -9.6287441744237867E-002
  -8.4294623200591445E-002
  -7.4394353120297296E-002
  -6.9242835233438882E-002
  -6.0718367975410636E-002
  -5.2507615355430914E-002
  -4.3078343810371678E-002
  -3.4774220791121024E-002
  -2.0380461535651762E-002
  -8.3305124404251529E-003
   4.9724085237414783E-003
   1.1560141245865907E-002
   2.2302577907439058E-002
   3.3124198589376874E-002
   4.6898865273306001E-002
   6.6352895664962830E-002
   8.1016002891999506E-002
   9.8434249963077036E-002
  0.12191107929893974     
  0.13878118689906671     
  0.15779298085334403     
  0.17954344879487394     
  0.20197992500297346     
  0.22502504324182837     
  0.25053060167155650     
  0.27510311246740571     
  0.29428217106487864     
  0.31656358488880443     
  0.33778957933266440     
  0.36260890937239765     
  0.38000348556779784     
  0.39367851014058886     
  0.40147631967696640     
  0.40744546465069220     
  0.41646233067136507     
  0.42467944760467446     
  0.42791451765883437     
  0.43414840321271697     
  0.43389537537102285     
  0.43385244083910379     
  0.43784887290114227     
  0.43578147459649585     
  0.43835545969059808     
  0.43199520645454470     
  0.42894866639818474     
  0.42386895039288675     
  0.40713504685056989     
  0.39336730939865561     
  0.37187025446256428     
  0.34964170888778767     
  0.32075710608872665     
  0.28903221190566342     
  0.26190130104855314     
  0.23165170769785703     
  0.19862524940794302     
  0.16679946528157075     
  0.12912718472213669     
   9.8020339850052096E-002
   6.3700088575984637E-002
   2.2425784976753960E-002
  -1.9888375276543968E-002
  -6.3032398327063532E-002
 -0.10326199470232211     
 -0.14897183989262430     
 -0.18828803497099500     
 -0.22850267004983849     
 -0.26560731251181835     
 -0.30680010962356619     
 -0.34212241223799822     
 -0.37317152601386283     
 -0.40294612849825739     
 -0.43518250041522322     
 -0.46692275451935927     
 -0.50124505273802811     
 -0.52424306132661513     
 -0.55753784895932768     
 -0.58227160340724993     
 -0.60570900043788356     
 -0.62983156804675389     
 -0.64910282132839825     
 -0.67581162116030669     
 -0.69437340191835339     
 -0.71202963264491359     
 -0.72137890472332700     
 -0.72694226132759354     
 -0.73133311404323820     
 -0.73566758645220887     
 -0.73739952689274446     
 -0.73218235975751611     
 -0.72235008298892467     
 -0.70375798022285352     
 -0.68241643885910719     
 -0.66284607320147870     
 -0.63634119464910555     
 -0.61609665063712526     
 -0.59303497562048335     
 -0.57067791709915028     
 -0.54439462029030494     
 -0.51941771410619708     
 -0.48447487167720737     
 -0.45340775607941453     
 -0.42147596267574272     
 -0.39686335576284471     
 -0.36777515162151531     
 -0.33893218248044832     
 -0.32236540511088840     
 -0.30412884804244555     
 -0.28380614857496766     
 -0.26891209315853892     
 -0.25188226644871037     
 -0.23459684498173061     
 -0.21926229903095873     
 -0.19740886783785072     
 -0.17963018513711404     
 -0.16669510057829484     
 -0.15733697667643298     
 -0.15203294443225701     
 -0.14377682184669993     
 -0.13835558669292425     
 -0.12981774714413774     
 -0.12122479414220777     
 -0.10526360911308075     
  -9.4490603482569213E-002
  -8.5710535154049694E-002
  -8.2130817687442459E-002
  -7.4593027521899558E-002
  -6.2707025837823949E-002
  -5.2057900929490586E-002
  -3.8682155508013238E-002
  -2.9134613454999680E-002
  -1.7935157992695849E-002
  -1.9847074028049860E-003
   1.4588519717315229E-002
   3.1190750141436574E-002
   4.6927967177083474E-002
   6.1937812840227480E-002
   8.3348369044557558E-002
   9.8351798212192421E-002
  0.11842897781096440     
  0.13218599179479540     
  0.14321345251292428     
  0.15508724136276442     
  0.17132354429016239     
  0.18603750517271678     
  0.20134163379460901     
  0.21334574204519186     
  0.22681371370015313     
  0.24191896517120881     
  0.25989131390431908     
  0.27944881903512586     
  0.29968792153829327     
  0.31333994578785251     
  0.32291851869035781     
  0.33323921639347986     
  0.34672019332506565     
  0.35975459154331446     
  0.37188321299882432     
  0.37564695354581090     
  0.38123522636792018     
  0.39087164858742085     
  0.39545799743942212     
  0.39415472901057313     
  0.39091669337528856     
  0.38307365362420143     
  0.37270534535059330     
  0.35910991952820837     
  0.34708308405276966     
  0.33924959193898019     
  0.32891372849110212     
  0.31828203407206956     
  0.29748810492014854     
  0.27173638547462531     
  0.24286735340158572     
  0.21195427055186400     
  0.17818704121665974     
  0.14784386557571594     
  0.11538025468812485     
   8.3066782827771135E-002
   5.0394611553883806E-002
   1.7601521757370620E-002
  -2.1201531572122789E-002
  -5.8258025082167819E-002
  -9.7488713879883448E-002
 -0.14069728933174019     
 -0.17425518383976168     
 -0.21672623738157881     
 -0.26449061131779672     
 -0.30785871187529779     
 -0.34581661130042107     
 -0.37866205741680403     
 -0.41172812158841232     
 -0.44131583762465709     
 -0.46982034649502680     
 -0.50319245517830780     
 -0.53194711787403293     
 -0.55829640197676156     
 -0.57908160833227385     
 -0.59353785227084188     
 -0.60750186330862732     
 -0.62101843583204186     
 -0.63745893552865596     
 -0.64618938643620893     
 -0.65112537565668305     
 -0.65624827642699302     
 -0.65092439075348807     
 -0.64961498550495955     
 -0.64729162983294941     
 -0.63712123085916872     
 -0.62284558613333729     
 -0.60870215408631623     
 -0.59389348724417346     
 -0.58090715094765244     
 -0.56721350663298153     
 -0.55423856200058452     
 -0.53877222928795732     
 -0.52482246455380022     
 -0.50890965795082366     
 -0.48769050063546615     
 -0.45765938775238624     
 -0.43216983432932921     
 -0.40184560191545415     
 -0.36116907361059702     
 -0.32991181294666205     
 -0.29638006301422593     
 -0.25841528385197421     
 -0.21676658713553820     
 -0.17050531026958993     
 -0.12049633841939311     
  -7.0661710480038664E-002
  -1.7017752426255583E-002
   4.1485399829880976E-002
   9.5435473030178741E-002
  0.15245864013250809     
  0.20621615714765085     
  0.25586461577853470     
  0.29678215157197485     
  0.33896993162721856     
  0.38272905477418817     
  0.42946472951869197     
  0.47224547936577466     
  0.51449936838855592     
  0.54769329581219717     
  0.57756911165014557     
  0.60904718204204755     
  0.63062629196620179     
  0.65080077564854832     
  0.66169573677012750     
  0.67337313991166070     
  0.67741603419001351     
  0.67624869681577593     
  0.67989587896994408     
  0.67465591962829130     
  0.66578076358429072     
  0.65488362679066370     
  0.64126018080185077     
  0.62592107561075494     
  0.60938273243874619     
  0.58498562163836709     
  0.56557105412338160     
  0.54470469496385476     
  0.51441875249402358     
  0.48197685297685666     
  0.44477153721938611     
  0.40538577372151963     
  0.36746718191132288     
  0.32131546149389933     
  0.27737943906110818     
  0.24320998410252059     
  0.21658423765231305     
  0.14400172915645726     
   4.6782129134896877E-003
 -0.37721142785248674     
  -9.1149251737534520E-002
 -0.15091366666786143     
  0.14478776182696151     
 -0.18854165768988196     
 -0.24308008975021522     
 -0.28437963884462647     
 -0.34380421270904549     
 -0.39019479747832975     
 -0.45563345318969084     
 -0.50868061941741871     
 -0.57019111364397190     
 -0.63104649972029847     
 -0.68743758845344871     
 -0.73760193452264389     
 -0.78000192571208515     
 -0.82214911922281431     
 -0.85523569393836851     
 -0.88862178288161608     
 -0.91946246812034360     
 -0.94458693103740643     
 -0.97718891814495379     
  -1.0059887875699616     
  -1.0354709218590585     
  -1.0535113417201387     
  -1.0727585439881295     
  -1.0776454198571059     
  -1.0882840439364401     
  -1.0946820021367500     
  -1.1005977716534971     
  -1.1057569953774085     
  -1.1075406101511831     
  -1.1052132609589478     
  -1.0930785412526092     
  -1.0751296555789303     
  -1.0505664320572521     
  -1.0303685802172424     
  -1.0017299438007399     
 -0.96305229921935620     
 -0.92557484990899752     
 -0.89406309901963255     
 -0.85419184943151549     
 -0.80776428169181713     
 -0.76257312043950876     
 -0.71561870889573242     
 -0.65772842067713100     
 -0.60306054724253499     
 -0.54724985214033950     
 -0.49923974960455020     
 -0.44918913710871777     
 -0.39712872406663280     
 -0.34235431171424580     
 -0.28001654316831548     
 -0.21828430577271263     
 -0.16095410670003218     
 -0.10146463051611931     
  -4.0540908625189331E-002
   2.3928197354436520E-002
   9.5367282569725376E-002
  0.15637904126997171     
  0.21840891834966669     
  0.27673601288914540     
  0.33803925241937804     
  0.38684940771503307     
  0.43972491143144055     
  0.48845762140868487     
  0.53435294090715502     
  0.57179285128346180     
  0.60564392255795951     
  0.63997329861479102     
  0.67672763901244792     
  0.70805819283572902     
  0.73700011880359284     
  0.76473483911559015     
  0.79520609779265783     
  0.81883064121592497     
  0.83253110365365046     
  0.84298380543052076     
  0.85485949923483417     
  0.85891836227222740     
  0.86016084123485825     
  0.85099124103658141     
  0.83599977882407472     
  0.81550139068628802     
  0.79393223625601195     
  0.76397643786731351     
  0.72705009927210540     
  0.69023270422664496     
  0.65619263633030300     
  0.61570630822764372     
  0.57560573183788222     
  0.53564036168829432     
  0.48920158928277502     
  0.43964128781527734     
  0.39353335200412687     
  0.34609493664873980     
  0.29404173924394428     
  0.23794483738964800     
  0.18861478524149788     
  0.13193883938743767     
   7.0967027663925819E-002
   1.3093623808572374E-002
  -4.0337212892310959E-002
  -9.1625821199386337E-002
 -0.14511817175363717     
 -0.19298543343836183     
 -0.23741822241029809     
 -0.28854162212459755     
 -0.33379091904456359     
 -0.37545593479406136     
 -0.41727708439584887     
 -0.45832701597340986     
 -0.50203914748604461     
 -0.53966596746725770     
 -0.57675218265433159     
 -0.61575603665377532     
 -0.65139965907212627     
 -0.68756740196705834     
 -0.71756398417593914     
 -0.74210637441879612     
 -0.75984258426498741     
 -0.77459077586283342     
 -0.79228978311862619     
 -0.80937915851319531     
 -0.81727773033358631     
 -0.82407755117803561     
 -0.82433220690355924     
 -0.82266301942401299     
 -0.81695771890755964     
 -0.80372937352701967     
 -0.78239942993963041     
 -0.76149103919155436     
 -0.74204614073698849     
 -0.71596408366185926     
 -0.68168198081350795     
 -0.64686171448162355     
 -0.60442056008167810     
 -0.57721548104387921     
 -0.54270847872369110     
 -0.50489529944866263     
 -0.46506298775119603     
 -0.43092616399846406     
 -0.38919926930256565     
 -0.34949230114320073     
 -0.30510545463538796     
 -0.25608032092355870     
 -0.21516858166165420     
 -0.17436141133450533     
 -0.13450410784241740     
  -9.1065512689880279E-002
  -3.9505075024607095E-002
   5.2066292104626655E-003
   4.6597591757077339E-002
   8.6995729685270362E-002
  0.12955011531326477     
  0.17745828929288621     
  0.22394909837240107     
  0.26279281273999544     
  0.30034001106887942     
  0.33527607873164200     
  0.36782072910419572     
  0.40115402089952568     
  0.43465331300598109     
  0.47004202191040179     
  0.50673013854049742     
  0.53734925331409045     
  0.56860768072840528     
  0.60034861308312770     
  0.63606433346134850     
  0.66219726998113515     
  0.69125845927362661     
  0.71479307625462951     
  0.73263154525041330     
  0.74887764447024097     
  0.76724827382030014     
  0.77877628197674653     
  0.79150170097670980     
  0.79968247206421950     
  0.80922412470938099     
  0.81289379281868035     
  0.81100137220283841     
  0.81208180500125593     
  0.81063656429267894     
  0.79282814082864661     
  0.76724064003680326     
  0.73587948004690418     
  0.70520047132264096     
  0.66850205288591269     
  0.62471859195638046     
  0.58160946783146983     
  0.53629022229563361     
  0.49334831783650301     
  0.45126632538543276     
  0.40705352340171430     
  0.34587521616930417     
  0.29049742823281122     
  0.22781357571998129     
  0.16210979530639236     
   9.7481865641881882E-002
   3.4311857341293717E-002
  -2.5771924779007804E-002
  -7.9081218561086075E-002
 -0.13777696628876868     
 -0.19083430811875246     
 -0.24548425261900775     
 -0.29938587421067098     
 -0.34816295167087752     
 -0.39212418398196291     
 -0.44228903927715635     
 -0.48760238805613199     
 -0.53232010981312783     
 -0.58036426936018870     
 -0.62133423114303099     
 -0.65628358779079576     
 -0.69329345529020259     
 -0.72736738334225493     
 -0.75155791151283324     
 -0.77411140396353062     
 -0.80241012390874289     
 -0.81765931106440348     
 -0.84244491810649436     
 -0.86068392930434023     
 -0.87700272688272207     
 -0.88363586034201802     
 -0.88862812226689236     
 -0.89019662651533338     
 -0.88669640454588716     
 -0.87293060173141157     
 -0.85684701334335500     
 -0.84461116726399155     
 -0.82718677929742057     
 -0.80240890324058967     
 -0.76900598976095580     
 -0.73923604506109086     
 -0.70203151240879436     
 -0.65960040075877657     
 -0.61887576289399249     
 -0.56928492229080518     
 -0.52277923507645596     
 -0.46876172681135841     
 -0.41158038237938399     
 -0.35720458177931391     
 -0.30762540858518506     
 -0.25782749361736368     
 -0.20768663611656279     
 -0.15557441903491576     
 -0.10485770486127421     
  -4.6470374830988703E-002
   5.7057916203540060E-003
   5.7253409170005654E-002
  0.10614779195832114     
  0.16240180668080484     
  0.20970665407173783     
  0.24430000000660357     
  0.28110106933274892     
  0.32171460765285076     
  0.35980217499258060     
  0.39033729679709950     
  0.42754809359070123     
  0.45182888588601600     
  0.47713466473904731     
  0.50150626644676688     
  0.52474977035805637     
  0.54046125637444220     
  0.55830710983460108     
  0.56936645937104657     
  0.58077993548121043     
  0.59049371592152511     
  0.58838230593914886     
  0.58787723624071475     
  0.57857046120395239     
  0.57298520132832209     
  0.56401733110538999     
  0.54710216941205658     
  0.52360146349526815     
  0.49481272972978729     
  0.46163535224258112     
  0.42537382228246656     
  0.38151666281508767     
  0.33135687675144254     
  0.28775244787772181     
  0.23470349285259928     
  0.18292758300754031     
  0.12682187933298650     
   7.2563738958614010E-002
   1.7902940172461967E-002
  -4.1729193828608402E-002
 -0.10239999213984508     
 -0.16101055713960477     
 -0.21948389508906985     
 -0.28707644245062625     
 -0.34846000381202202     
 -0.41486073392832168     
 -0.47980008629809845     
 -0.53663320963556771     
 -0.59061912816150652     
 -0.64981000843448911     
 -0.70565142174139339     
 -0.75702170115406631     
 -0.80364329976484328     
 -0.84990240933606742     
 -0.88827809274016545     
 -0.91827848438740034     
 -0.95103983365510203     
 -0.97549740969574827     
 -0.99491502472088200     
  -1.0053004939349499     
  -1.0084912928852532     
  -1.0133790578012025     
  -1.0076904506269386     
  -1.0054626471091268     
 -0.99821345834743624     
 -0.98245105840796754     
 -0.96029113419464984     
 -0.93084230745554919     
 -0.90435020732629567     
 -0.87176596891870872     
 -0.84299017335406035     
 -0.81233539656344078     
 -0.77613567323412269     
 -0.73860836215609993     
 -0.70227584553597922     
 -0.65775466922432102     
 -0.61294962668171138     
 -0.56245350626301160     
 -0.50548396954978614     
 -0.44318145582136026     
 -0.38009045255944329     
 -0.32115500882827064     
 -0.26240453367461214     
 -0.19863269556371677     
 -0.13003292124378163     
  -6.4201832686819671E-002
  -2.7387167076184937E-003
   6.0602838949336046E-002
  0.12422248703674654     
  0.18078706753729534     
  0.24189938937941236     
  0.29836014315362291     
  0.35105611094776634     
  0.40416073017385656     
  0.46179380492024791     
  0.51196206032147984     
  0.56118849839018026     
  0.61233469599474688     
  0.66207343203978652     
  0.70708046390696211     
  0.75208118341365093     
  0.79302009656337447     
  0.82849621501550708     
  0.85779527691485669     
  0.88682566689480780     
  0.91542326280996011     
  0.93938170171472279     
  0.96155461562592137     
  0.97637803689860903     
  0.98916031722818332     
   1.0037266902963040     
   1.0076296593049143     
   1.0082843698685195     
  0.99969166362707540     
  0.98760146682857908     
  0.97731512743574456     
  0.96207951790600532     
  0.93788676480187405     
  0.90099587213413201     
  0.86332213968657356     
  0.82811691194498849     
  0.78714023294746482     
  0.74092204498776937     
  0.68965568626694562     
  0.63061006619724136     
  0.56810531104873263     
  0.50309878468786451     
  0.43970697775840506     
  0.37872401104730358     
  0.31488195951102682     
  0.24648053654473756     
  0.18360005831345916     
  0.11574302258206615     
   5.0116272734953782E-002
  -2.1508581484781075E-002
  -9.1008980903225734E-002
 -0.15794144333446525     
 -0.22044439724895426     
 -0.28682573507413167     
 -0.34160103876195080     
 -0.40914850328613284     
 -0.47647819980548434     
 -0.54629499874556586     
 -0.60886838902086282     
 -0.66201719557312799     
 -0.72725375229835265     
 -0.79171483094298623     
 -0.84928114257593279     
 -0.90785437573696015     
 -0.96710128861462863     
  -1.0162767860425674     
  -1.0623108653046032     
  -1.1029517803926012     
  -1.1447918429980746     
  -1.1803483278209228     
  -1.2074255517614176     
  -1.2216119042455205     
  -1.2370522110710453     
  -1.2468172824211194     
  -1.2572887940598036     
  -1.2590332430284263     
  -1.2519530230398033     
  -1.2320993737772881     
  -1.2161828528336116     
  -1.1917920690001438     
  -1.1582137248417013     
  -1.1168654434523031     
  -1.0694245419381758     
  -1.0216377936450147     
 -0.96942411084962998     
 -0.91405347143933113     
 -0.85665529228495174     
 -0.79557785142444715     
 -0.72895680601110868     
 -0.66000334358979629     
 -0.58620934132267166     
 -0.51317789606022757     
 -0.44365736425349667     
 -0.37026161071275965     
 -0.30074752437846541     
 -0.22229452595317412     
 -0.15099393115076332     
  -7.9775836389444521E-002
  -7.3007569128265004E-003
   7.0173614245419458E-002
  0.14783683651583601     
  0.21929461823935981     
  0.29481428601856763     
  0.36626953606909751     
  0.44110415357139843     
  0.51394237355659556     
  0.58300779675812464     
  0.64881056917715796     
  0.70938346174295219     
  0.76461550868198458     
  0.81704648549272463     
  0.86984645497806667     
  0.91643134577604712     
  0.96118472259459509     
  0.99747118524322786     
   1.0359905533520362     
   1.0650608727031496     
   1.0873340967302170     
   1.1085494721356497     
   1.1274028314408966     
   1.1407050353357988     
   1.1520228749683668     
   1.1636641223215207     
   1.1675609515569505     
   1.1679112227825499     
   1.1664130829064021     
   1.1647071227540948     
   1.1551329783979867     
   1.1415981632138283     
   1.1274332478743387     
   1.1068544359109751     
   1.0866584651661952     
   1.0607630763545330     
   1.0188976539424459     
  0.97699371910296406     
  0.93291502447105756     
  0.88319994664898616     
  0.83186838129888940     
  0.77641063815204348     
  0.71106566184225883     
  0.64413484177569558     
  0.57249242934972955     
  0.49550872452424244     
  0.42070610740562131     
  0.33971501144901595     
  0.25995343667182169     
  0.18238488916381357     
  0.10934937824022128     
   3.3779236144880542E-002
  -3.8647955132830702E-002
 -0.10549328774828481     
 -0.17318178090914671     
 -0.23776319090359443     
 -0.30216162531618806     
 -0.36025426141844719     
 -0.42012100926356055     
 -0.48043433333897667     
 -0.53636707090417701     
 -0.59363268757156362     
 -0.64550594405233852     
 -0.69604830411285690     
 -0.74515209089346257     
 -0.79057934154866416     
 -0.82886780751309352     
 -0.86140163497324806     
 -0.89719137913391478     
 -0.92888978540983658     
 -0.95310236861750752     
 -0.97036654055676763     
 -0.97659520662506338     
 -0.98229747406425361     
 -0.98811528281666483     
 -0.98755138076798232     
 -0.97973731365744854     
 -0.96975158090238267     
 -0.95198002963904571     
 -0.93192311584677157     
 -0.90523466671669439     
 -0.87661730816462580     
 -0.84157211093935302     
 -0.79838842595512460     
 -0.75925190154006827     
 -0.71363305721396841     
 -0.66201226149652825     
 -0.60177541736460682     
 -0.54156038755084168     
 -0.47826874953617349     
 -0.41228061569184637     
 -0.34511280652849052     
 -0.27248234936044469     
 -0.20792632195482952     
 -0.13649690817565840     
  -6.9935763330192913E-002
   1.8867553083481425E-003
   7.1312854894841848E-002
  0.14648214918103974     
  0.21934290267898859     
  0.28401928091824402     
  0.35329400485534279     
  0.41633003721946693     
  0.48469011297751763     
  0.54262730396192183     
  0.60468317932036086     
  0.66258408948809233     
  0.70778652405414277     
  0.75277669055719798     
  0.79856704733520445     
  0.84537672945015174     
  0.88008166777105856     
  0.91144817269913148     
  0.94089077799226573     
  0.96238405963867990     
  0.98471996273077167     
  0.99999056148340060     
   1.0170195761378267     
   1.0257585890781726     
   1.0307027360405954     
   1.0340370528178227     
   1.0306817639761303     
   1.0245854164159311     
   1.0091805442976911     
  0.98985989917729000     
  0.96336802536484356     
  0.93641088042630827     
  0.91015403673918627     
  0.87589035770677981     
  0.83720540401219523     
  0.78776838511163305     
  0.73851422644104048     
  0.69257315956610910     
  0.63515811159218138     
  0.57667763185467891     
  0.51327705627672060     
  0.44819419807629401     
  0.37809666756402294     
  0.29998773821988323     
  0.22386498675685118     
  0.14868400713250196     
   7.5367574163834661E-002
   5.2771288335691224E-003
  -6.1667044607091270E-002
 -0.12554492877958978     
 -0.18541182904550624     
 -0.24772698949618643     
 -0.31186653364099470     
 -0.37523042072069757     
 -0.43326356135005994     
 -0.48506115972799790     
 -0.52861973561238074     
 -0.58203199439677178     
 -0.62922188947391078     
 -0.67106538025307838     
 -0.70364967116103116     
 -0.73868452780672555     
 -0.76558525397177846     
 -0.79549650227689028     
 -0.82023165922700514     
 -0.85075265447153470     
 -0.87105443894714085     
 -0.87670175758353253     
 -0.89712704027501644     
 -0.88385315778651830     
 -0.91417071532387695     
 -0.91374737403850759     
 -0.91083950411052683     
 -0.39075826231766086     
 -0.88567589115230305     
 -0.85550985158732828     
  -1.0110252306389214     
  -1.0711105856808558     
 -0.92790036481403604     
 -0.91917856647600615     
 -0.85217783969204319     
 -0.81259625998977469     
 -0.77767154933393101     
 -0.71459392575906122     
 -0.64752420828274637     
 -0.58343678399943144     
 -0.52099060977366918     
 -0.46485214765576188     
 -0.40016173266123189     
 -0.32908678177665851     
 -0.25610691264779462     
 -0.19221389008103529     
 -0.11994160461125158     
  -4.4178534971806016E-002
   2.8186712573472050E-002
   9.8638338534314585E-002
  0.17846004314782249     
  0.24140353195808473     
  0.30969051755979393     
  0.37303912762678237     
  0.43651093883016756     
  0.50333787493954674     
  0.56797466027417443     
  0.63332973432459738     
  0.69833600534633433     
  0.75481375459612821     
  0.81120632339131760     
  0.86555703107417514     
  0.92347923802793730     
  0.96386058471788782     
  0.99902136819632403     
   1.0318969241211953     
   1.0609052474862040     
   1.0798671576082910     
   1.0986667106635366     
   1.1021623202548199     
   1.1061606328007585     
   1.1097485953835076     
   1.1010798246961997     
   1.0827757903679185     
   1.0538091608331470     
   1.0166245539837178     
  0.97849111945106415     
  0.94026830343060652     
  0.90336875824789331     
  0.85260870757960561     
  0.79442210098352284     
  0.73412810737692524     
  0.67244113136018768     
  0.59999897421985082     
  0.52251124433310281     
  0.44705051770898407     
  0.36820653950869087     
  0.28643256736449985     
  0.20760206347193844     
  0.13439683337796282     
   5.0787876918803931E-002
  -2.6878937656604762E-002
 -0.10505646782567624     
 -0.19109919175610912     
 -0.27405362514624976     
 -0.35703100848989777     
 -0.43520109433078957     
 -0.50934839433821821     
 -0.58730967411112545     
 -0.66571108369578269     
 -0.73735771310202836     
 -0.82113196916404263     
 -0.89362745481398065     
 -0.96687997936325587     
  -1.0391570671688006     
  -1.1038252481472739     
  -1.1681511710790460     
  -1.2341694497451314     
  -1.2933911417729362     
  -1.3444514157886402     
  -1.3895445927844037     
  -1.4278316366826402     
  -1.4689016780729283     
  -1.5023368979437919     
  -1.5307846335623765     
  -1.5615146133896189     
  -1.5761131659892840     
  -1.5954709327752052     
  -1.6061729956826980     
  -1.6144396466010917     
  -1.6187296898537227     
  -1.6119740536208553     
  -1.6009004100420761     
  -1.5803429460475797     
  -1.5575004310242448     
  -1.5288781396130560     
  -1.4960065864513830     
  -1.4547062065142882     
  -1.4148130248925384     
  -1.3643404983709289     
  -1.3083574336653427     
  -1.2504331897627878     
  -1.1838635407362972     
  -1.1055636999422234     
  -1.0264265526964209     
 -0.94592029283164436     
 -0.86146522211022614     
 -0.76979514815303673     
 -0.67438328404560366     
 -0.58285215054695172     
 -0.48845696440325526     
 -0.39718457043031208     
 -0.30077362395833518     
 -0.19611358454244510     
 -0.10180635015237272     
  -2.9301941724142466E-003
  0.10052689795497827     
  0.19838715307400889     
  0.28555830420845041     
  0.37715391440822543     
  0.46254421405761548     
  0.55078024879750842     
  0.63060625558298966     
  0.70978763231609321     
  0.78988853900450806     
  0.86439576509849303     
  0.92973255919353193     
  0.99071297649982171     
   1.0408502103099977     
   1.0936886503242249     
   1.1349957478297321     
   1.1714463379530820     
   1.2017423099157298     
   1.2286513342968277     
   1.2462905373287754     
   1.2617076533787497     
   1.2742013161609407     
   1.2859270118595205     
   1.2933991775207403     
   1.2934268828381050     
   1.2862715572646835     
   1.2652985323748283     
   1.2434264175683651     
   1.2168059410666068     
   1.1846239223634853     
   1.1498932845215677     
   1.1101426968486976     
   1.0683243225510992     
   1.0206622976093840     
  0.96480104823518786     
  0.90971796589060894     
  0.85243829956141326     
  0.78767507871802156     
  0.72173693559028607     
  0.64870047361293359     
  0.56965810517000293     
  0.48812594286762589     
  0.40374532317733269     
  0.31405407415829512     
  0.22528276749298470     
  0.13363167187310410     
   3.3952320340979725E-002
  -6.7669372326463417E-002
 -0.16520169828402231     
 -0.26726612139163919     
 -0.36585970605415241     
 -0.46717926221108996     
 -0.57042879276488634     
 -0.67751722372935319     
 -0.77822556128145948     
 -0.86696297617174878     
 -0.96254584587265413     
  -1.0494262700002253     
  -1.1301166666643212     
  -1.2044038464260325     
  -1.2700406939080153     
  -1.3251953650887316     
  -1.3747391780673581     
  -1.4137334810841651     
  -1.4466248026911330     
  -1.4856411838046029     
  -1.5132548264120054     
  -1.5337311561613660     
  -1.5456033263850202     
  -1.5555326939489760     
  -1.5554046566787463     
  -1.5436361721345619     
  -1.5261488177031026     
  -1.4988415751501236     
  -1.4614030475604096     
  -1.4109512865325655     
  -1.3630923514951547     
  -1.3070317265005258     
  -1.2402867603738432     
  -1.1673276273976683     
  -1.0894163611889667     
  -1.0170678897959746     
 -0.94030291406217259     
 -0.85399914372143826     
 -0.77052854602160181     
 -0.68213463514619121     
 -0.58812218089849466     
 -0.49218520391866605     
 -0.40086425134434478     
 -0.31431878260815438     
 -0.21967523620651264     
 -0.12893204503314593     
  -4.0667679140391044E-002
   5.1179257948632539E-002
  0.13943925097697729     
  0.22425022775219006     
  0.30792624249338019     
  0.38761938742950264     
  0.46565303320163309     
  0.53840015009731701     
  0.60877917068582832     
  0.67481044500928533     
  0.73719017024691880     
  0.79120605090224672     
  0.84662028310714810     
  0.89950868009245255     
  0.94693349608473909     
  0.98115565553317197     
   1.0164931340335670     
   1.0474576717919604     
   1.0684739571050414     
   1.0875507786736733     
   1.1032818227614598     
   1.1197921399485438     
   1.1322113993935545     
   1.1311448282428245     
   1.1281243033582911     
   1.1157948811242875     
   1.1041782309448465     
   1.0925099554477242     
   1.0627715987739066     
   1.0183009575263515     
  0.96832845359443809     
  0.91937227190055637     
  0.85984563804962022     
  0.79300884374640646     
  0.71636234364473239     
  0.64083568131664492     
  0.56659428552616475     
  0.48669216711945751     
  0.40468768343674810     
  0.31602525469530462     
  0.23023433852986130     
  0.13990082614424182     
   5.3362361705467265E-002
  -3.0022107308099066E-002
 -0.11769430993317087     
 -0.20028309598005478     
 -0.28184550522763629     
 -0.35878231959253526     
 -0.42839982596155579     
 -0.49675561679017477     
 -0.56647137008650361     
 -0.63042477271460484     
 -0.68698422860688169     
 -0.73793057157499220     
 -0.78805554134802747     
 -0.83582695518552441     
 -0.87300235080118682     
 -0.91595908760011469     
 -0.95191970464742326     
 -0.98639563405425790     
  -1.0154674395797214     
  -1.0375073676370903     
  -1.0627146851298619     
  -1.0799523097106167     
  -1.0916837781213253     
  -1.0992510674828111     
  -1.0988089799168961     
  -1.0895486131705354     
  -1.0738003039524244     
  -1.0490799007047542     
  -1.0214331050553085     
 -0.99373140095585200     
 -0.96807249973895182     
 -0.93503351749754415     
 -0.89482515848260391     
 -0.84759588711619926     
 -0.79360042408924869     
 -0.73129671823575837     
 -0.66639785496668935     
 -0.59462170325411989     
 -0.52431240440651550     
 -0.45955885967185850     
 -0.39106162525570198     
 -0.31813015476299711     
 -0.24107370790974869     
 -0.15731655612000850     
  -7.4993304768227631E-002
   5.8318698627743970E-003
   8.7071498523826563E-002
  0.17122885768135632     
  0.24859967162848307     
  0.33161046702997510     
  0.40594781805619107     
  0.48049733442817910     
  0.55823028245512774     
  0.63307623485009401     
  0.70305063267785783     
  0.76718513701094793     
  0.82597879764551863     
  0.88443958117065336     
  0.93225257106703907     
  0.97882399451638236     
   1.0249086362881599     
   1.0604917035566075     
   1.0873982603718133     
   1.1144326957243891     
   1.1338331289412338     
   1.1491286229668418     
   1.1555447981616096     
   1.1581275164800218     
   1.1514674239500096     
   1.1458971464134606     
   1.1312646023802984     
   1.1076783570777025     
   1.0752783822974834     
   1.0300964419024439     
  0.98376399041451279     
  0.93379877756198937     
  0.87371226156156467     
  0.81537251569591973     
  0.75099589104723918     
  0.68526009070274085     
  0.62109296380101142     
  0.55402113746620785     
  0.48872118399755493     
  0.42673388342117846     
  0.35492730649276183     
  0.28420315077136138     
  0.21198217347631498     
  0.13304057499606614     
   5.2323920551872405E-002
  -2.8988322172722292E-002
 -0.10554378158565214     
 -0.18343781112943702     
 -0.26560241506781068     
 -0.34567841159534396     
 -0.42265563170303722     
 -0.49242556508446711     
 -0.55852362791247856     
 -0.62695174973743217     
 -0.69404387854564220     
 -0.75442807336142437     
 -0.80911377607216650     
 -0.85338362726903938     
 -0.89906745403893495     
 -0.94050898924308513     
 -0.97290353726197054     
  -1.0034747616949318     
  -1.0298391707126768     
  -1.0460179693061633     
  -1.0588924115573057     
  -1.0670694012977719     
  -1.0733099247673437     
  -1.0712353611951784     
  -1.0651348011280817     
  -1.0598637127771582     
  -1.0467628639959372     
  -1.0278492335643787     
  -1.0037168961431746     
 -0.97775005937182868     
 -0.94260893504002752     
 -0.91256234079510712     
 -0.87805170601088367     
 -0.84166426401554872     
 -0.79387346568242378     
 -0.74953828434156122     
 -0.70260961438364689     
 -0.65498616067178261     
 -0.60810044761473137     
 -0.56066151915158002     
 -0.50666815416174416     
 -0.45026842525567190     
 -0.38711022153057506     
 -0.32402868865960954     
 -0.25467714600916791     
 -0.18496756897545907     
 -0.11275338151835257     
  -4.2310711966237591E-002
   3.4278405224313246E-002
  0.10553698920355714     
  0.16885514584150485     
  0.23336656936959344     
  0.30414526999723535     
  0.36718756825852950     
  0.42753748639377775     
  0.48309675909808902     
  0.53953491527380493     
  0.59763956084479020     
  0.65597467729901382     
  0.71061447769656638     
  0.75895885198663393     
  0.80100765927185336     
  0.83919163601557045     
  0.87015892753154134     
  0.89706776233084895     
  0.91753268954474265     
  0.92851022942577899     
  0.93293807065933265     
  0.93972676795846155     
  0.93855482570909032     
  0.93350109163782236     
  0.92182802266491615     
  0.90504953969298185     
  0.88721434221310780     
  0.86614402403527890     
  0.83732381119702382     
  0.80778617921254181     
  0.77582535070368408     
  0.74858751377490762     
  0.70821374533805681     
  0.66992705794949359     
  0.62624619561811912     
  0.58227902146475685     
  0.52979337497856704     
  0.46929396154911984     
  0.40628857741253910     
  0.35098459169813623     
  0.28064179577935988     
  0.21787003397992066     
  0.14628984564777170     
   6.8329819734124442E-002
  -6.0763436634374557E-003
  -9.0616692059711568E-002
 -0.16809218238736889     
 -0.24628626040893664     
 -0.32836762720208412     
 -0.40959051104817945     
 -0.49747277582696370     
 -0.57891883075395612     
 -0.65746569026495649     
 -0.72850977700014141     
 -0.79244630180946274     
 -0.85927187503783387     
 -0.92095935907908122     
 -0.98027270519563103     
  -1.0319886639435083     
  -1.0712561398395621     
  -1.1151139463836159     
  -1.1483212262076137     
  -1.1797315452713093     
  -1.2028808320163193     
  -1.2161872359896790     
  -1.2290329705231500     
  -1.2321242969738506     
  -1.2298271282962219     
  -1.2131646054963880     
  -1.2023891166072929     
  -1.1868690974330605     
  -1.1625600395960021     
  -1.1305420683014376     
  -1.0924771650522302     
  -1.0465528886361994     
 -0.99300156971619913     
 -0.93101614431543567     
 -0.86086200099040866     
 -0.79123517435503743     
 -0.72250673177552471     
 -0.64731007920593697     
 -0.57566678014970307     
 -0.49766497521588349     
 -0.41680917521631500     
 -0.33109467868868592     
 -0.23682186904125047     
 -0.14911995960845559     
  -6.0172912122993694E-002
   3.3951100264410172E-002
  0.12474417264222382     
  0.21869050853533167     
  0.30687260789586190     
  0.39500374832267937     
  0.48452794724676096     
  0.56620473136345595     
  0.64575988676658369     
  0.72089656503970900     
  0.78955078678970381     
  0.84924728406881123     
  0.90735455603459059     
  0.95612543458145183     
  0.99270297181826095     
   1.0291472243686570     
   1.0618643089160429     
   1.0934872859114506     
   1.1152861349517309     
   1.1348054485480930     
   1.1532631002599487     
   1.1688776413896029     
   1.1788365904821489     
   1.1906430693776713     
   1.1882790143192885     
   1.1845474812229781     
   1.1652409205280847     
   1.1380398299680365     
   1.1065553501865679     
   1.0734543281606364     
   1.0387602981687678     
   1.0073367635847035     
  0.96213410688369549     
  0.91588977319850073     
  0.87108745035451918     
  0.81960012235302315     
  0.77171488267723021     
  0.71302023984773655     
  0.65447697814539652     
  0.59727422444147749     
  0.54059082972374739     
  0.47998994306395559     
  0.41643785869662509     
  0.34884777688384361     
  0.28647992521590027     
  0.21361641608906012     
  0.14425439552280750     
   6.7700948410688966E-002
  -6.3489447777200780E-003
  -8.1490697789192268E-002
 -0.15122192464986028     
 -0.22853865623696379     
 -0.30763775023819306     
 -0.38279134703393680     
 -0.45813416753022906     
 -0.53235238552471742     
 -0.60083338981043255     
 -0.66283621168587104     
 -0.72149860498092266     
 -0.76844398094027611     
 -0.82054691549131320     
 -0.86706424579486452     
 -0.91833120859067208     
 -0.96240815389415246     
  -1.0017679194055091     
  -1.0352860730428119     
  -1.0598659450484718     
  -1.0769449309549728     
  -1.0916535903703490     
  -1.0979351966093702     
  -1.1055682302428380     
  -1.1053166394210052     
  -1.1012020303614207     
  -1.0931781338495341     
  -1.0851620768573778     
  -1.0712730777329824     
  -1.0521437946952688     
  -1.0395565073428799     
  -1.0181245435011874     
 -0.99571290412076507     
 -0.96831445547519479     
 -0.94690920729181016     
 -0.91617061735553662     
 -0.88328193183795634     
 -0.84065348900851689     
 -0.79771727706989282     
 -0.74547769363516636     
 -0.69396594157262825     
 -0.63281956764677716     
 -0.57544936402001667     
 -0.51074994760507408     
 -0.44125865734429226     
 -0.38049306096267443     
 -0.31746966881713945     
 -0.25799783544221100     
 -0.19452663383856716     
 -0.13368082282019600     
  -6.6682090348955114E-002
   1.3525474457907194E-003
   6.5713917640934483E-002
  0.13064530754893156     
  0.20029143920640990     
  0.26594078443943614     
  0.32886093639703518     
  0.39415985355930161     
  0.45994799557443855     
  0.52703017959161258     
  0.59060137763614762     
  0.65952029118002997     
  0.71709590102497067     
  0.77312067689706510     
  0.82196610592461639     
  0.86922481731358303     
  0.91482608749404903     
  0.95533795025005475     
  0.98381803045470662     
   1.0090883159439386     
   1.0323672197782798     
   1.0497237785494349     
   1.0578019568002333     
   1.0489602781281491     
   1.0359114496455248     
   1.0410020543925498     
   1.0221838778512620     
  0.97696152679552029     
  0.93892565996463873     
  0.92090293228104514     
   1.1943068816058258     
  0.89783266775444304     
  0.80899311524734685     
  0.44842777348250706     
  0.55652640504385431     
  0.49662614516367398     
  0.25677917395206507     
  0.39518821838410645     
  0.33326418675044778     
  0.27846125907660735     
  0.18877143166911026     
  0.12646965012868350     
   5.3518726607080680E-002
  -7.8327849485617662E-003
  -8.2285893149816047E-002
 -0.15325873220108477     
 -0.22619445182531450     
 -0.30616128327656611     
 -0.37154040106582897     
 -0.43094567957439267     
 -0.49720771066580483     
 -0.56617298854882847     
 -0.63513514684494510     
 -0.69898981662487358     
 -0.75754800741677286     
 -0.81567660910701534     
 -0.86492764559216084     
 -0.91662557912646037     
 -0.95926839245154838     
  -1.0017863529281641     
  -1.0413329574117256     
  -1.0793342635064107     
  -1.1199808913774238     
  -1.1566151157979334     
  -1.1864271519989558     
  -1.2135576904250733     
  -1.2333841424743639     
  -1.2496075292460489     
  -1.2701230927611959     
  -1.2810420989481814     
  -1.2849082919193542     
  -1.2865785372226526     
  -1.2793962579403342     
  -1.2606727220293692     
  -1.2370598299998221     
  -1.2131836792103030     
  -1.1809082893287126     
  -1.1473062335084663     
  -1.1081966947213004     
  -1.0625398146343343     
  -1.0141249137547987     
 -0.96268717107312796     
 -0.90744321355440860     
 -0.84626667213736084     
 -0.78516140261131895     
 -0.71722133252589515     
 -0.65407256142396619     
 -0.58742660814823466     
 -0.51442228333228002     
 -0.44150903334518432     
 -0.36395864906000952     
 -0.28828479386791628     
 -0.20607282921880454     
 -0.12392477402174507     
  -4.4908557171606134E-002
   3.4575684371944249E-002
  0.10988361096947585     
  0.18664840976221697     
  0.26531545298126957     
  0.33578325874375992     
  0.40975089280560439     
  0.48196771124368354     
  0.55106626198301001     
  0.61151331151587840     
  0.67287131999063376     
  0.72617674795591824     
  0.77298665122557964     
  0.81914367256216281     
  0.86386027496050133     
  0.90970746774071287     
  0.95264860224421000     
  0.98691327415946972     
   1.0142822617984599     
   1.0396777152708125     
   1.0540170899692214     
   1.0673618751411880     
   1.0788116389123577     
   1.0843956873664808     
   1.0886927142626490     
   1.0905421599284324     
   1.0899182808821131     
   1.0864744784738178     
   1.0738842867387461     
   1.0586533181090658     
   1.0428438377909117     
   1.0146293673685705     
  0.98583236438010147     
  0.95583454141735480     
  0.92090441444980797     
  0.88379085998688822     
  0.84429098807703440     
  0.81010820674168826     
  0.76086099419001130     
  0.70782865725336652     
  0.65015754570411843     
  0.59397899792318931     
  0.53458930357402323     
  0.47810188667455122     
  0.41361505130091203     
  0.34862565576971605     
  0.28272863160209738     
  0.21141030005287575     
  0.14626307761744783     
   7.3468450371450444E-002
   6.8438837517277307E-003
  -6.2120446242261096E-002
 -0.13429756425605177     
 -0.20409401319081155     
 -0.27228891346692308     
 -0.34914538908049053     
 -0.42858868122872451     
 -0.50893472479333468     
 -0.58162597132398730     
 -0.65295084358814393     
 -0.72529609644460180     
 -0.79372492610724521     
 -0.86771044680600085     
 -0.93458750983404570     
 -0.98974835189278565     
  -1.0453759791279822     
  -1.1013360217670067     
  -1.1488570841462433     
  -1.2018468129335247     
  -1.2424048057958430     
  -1.2843805165721562     
  -1.3187435656375328     
  -1.3409533053709310     
  -1.3619527207368947     
  -1.3752575983166508     
  -1.3771793295406525     
  -1.3716754117941719     
  -1.3749115832561358     
  -1.3671757524624368     
  -1.3533691688592686     
  -1.3317889161180858     
  -1.3099137257983529     
  -1.2785318516215796     
  -1.2452946083403731     
  -1.2122689125982546     
  -1.1720226396850535     
  -1.1341395972021004     
  -1.0889386543738055     
  -1.0432483034020592     
 -0.99450467714029678     
 -0.94000611358771380     
 -0.88445453478794533     
 -0.82652397162794955     
 -0.75997187661499233     
 -0.69060783575131346     
 -0.62059717304671835     
 -0.53986567928842533     
 -0.46226451800100676     
 -0.39043349099497959     
 -0.32141140296325332     
 -0.24926264673450760     
 -0.18507170889753866     
 -0.11711389353177459     
  -4.7811980237966623E-002
   1.9531462964472723E-002
   8.8724346613673788E-002
  0.15181662940202045     
  0.21349635446216553     
  0.27024964210043834     
  0.32500444092229941     
  0.37076694484937889     
  0.41970046039926068     
  0.46475194850441426     
  0.51296497400727503     
  0.55671181383306134     
  0.60135733605660846     
  0.64181205741468261     
  0.67422439928514066     
  0.70369892921583244     
  0.73101332377119377     
  0.75741832412087717     
  0.78419448515936807     
  0.80721134891509472     
  0.82612441777382628     
  0.84074103532246625     
  0.85318419671060042     
  0.86778654774003883     
  0.87639691702638345     
  0.88209545340865247     
  0.88015336130786181     
  0.86408958168565420     
  0.84483432585585660     
  0.82833762295902602     
  0.80063468328251020     
  0.77400813152542014     
  0.73696076910920283     
  0.70156891881107875     
  0.66184065017230864     
  0.62745620018762338     
  0.58124706047049202     
  0.53197413146614281     
  0.48521668103778381     
  0.43197200840697469     
  0.37698513825657187     
  0.32451636804395889     
  0.26282187576156124     
  0.20140359876496916     
  0.13521728028183588     
   7.0509102618807606E-002
   6.1438443286050415E-003
  -6.0653467312206999E-002
 -0.12068361613265211     
 -0.18513106452269312     
 -0.25862254884268054     
 -0.32474122665779248     
 -0.39401365850622483     
 -0.45608977569528264     
 -0.51796533212344531     
 -0.57905195743876448     
 -0.63247919238338568     
 -0.68377232513933706     
 -0.73478098355680288     
 -0.77814678181584895     
 -0.82222338582526788     
 -0.86448193782907623     
 -0.90407562468357661     
 -0.94068814096679887     
 -0.96724657460495678     
 -0.99857896039296179     
  -1.0216112638386932     
  -1.0363297341239530     
  -1.0497163997140291     
  -1.0548959732501970     
  -1.0522522673932713     
  -1.0452356368324445     
  -1.0392703833926404     
  -1.0281968588887054     
  -1.0091192283752690     
 -0.98273362388676588     
 -0.95523815381551458     
 -0.91971635269491969     
 -0.87476513641939846     
 -0.83018927507168883     
 -0.79087618346547828     
 -0.74663716002967817     
 -0.69943858869253006     
 -0.64475265425043915     
 -0.58838452535421482     
 -0.53088255679374186     
 -0.47493894670948578     
 -0.41374680809338571     
 -0.35139371629880145     
 -0.28732869160606356     
 -0.21797599535904055     
 -0.14444388475180858     
  -7.1993090212487232E-002
  -5.9592270943582548E-003
   5.9780073724482463E-002
  0.12988018028932125     
  0.20056867725820382     
  0.26563425310197886     
  0.33251594819785169     
  0.40640440971861835     
  0.46758632300625891     
  0.52667053652163531     
  0.59075191717317921     
  0.64506611389592017     
  0.69519295782473023     
  0.75119911151165297     
  0.79024224902885010     
  0.83073650039273161     
  0.86207305039413740     
  0.89262254735524493     
  0.91296708183992337     
  0.93617481255307666     
  0.94891355648520914     
  0.95779668473483071     
  0.96791246228564631     
  0.97244839221939472     
  0.97036187256611584     
  0.96917137423366739     
  0.96103159544949790     
  0.95178372940176814     
  0.94146523436978669     
  0.93180544907683327     
  0.92237160151080388     
  0.90048479512500990     
  0.86716519250887814     
  0.83590021498648071     
  0.79418669858813473     
  0.75292246677139474     
  0.71013495467954613     
  0.66731756723278934     
  0.62211929475941830     
  0.57538302814537978     
  0.52473606821155272     
  0.47405377356987799     
  0.42352431107325117     
  0.37633811549346774     
  0.32167960564609999     
  0.26729307594906260     
  0.21114904420617364     
  0.15339438613823120     
   9.0484495116442076E-002
   3.3682236800672172E-002
  -2.8870063856317074E-002
  -8.3252616199445129E-002
 -0.14582049796636909     
 -0.20683619634168338     
 -0.26416818699551925     
 -0.31874021010792575     
 -0.37240053116327232     
 -0.42717978931618461     
 -0.47820372469541894     
 -0.52182674056732026     
 -0.57004776593617379     
 -0.61882903783069310     
 -0.65868056959251930     
 -0.69773354645032271     
 -0.73182501519136167     
 -0.77627972989586169     
 -0.80882413182047230     
 -0.84685151786533375     
 -0.87980279548946783     
 -0.91230801086253166     
 -0.94623473538413805     
 -0.96927182774450671     
 -0.99442069204906147     
  -1.0103784573327363     
  -1.0186344926455320     
  -1.0315116221138680     
  -1.0344660474645622     
  -1.0352148198903279     
  -1.0266955931991646     
  -1.0157118844017958     
  -1.0037897545415930     
 -0.98980721533659910     
 -0.97277843326745028     
 -0.94660540179992969     
 -0.91432850910007346     
 -0.88477681912941364     
 -0.84712082600533023     
 -0.80820018249190184     
 -0.76187712272775343     
 -0.71142880102692629     
 -0.65147946455827821     
 -0.58994440328461906     
 -0.53456826506671362     
 -0.47384794027621524     
 -0.41760551740826601     
 -0.36164417525304771     
 -0.29922174775490973     
 -0.23666742851681022     
 -0.17004373445310250     
 -0.10642344701129502     
  -3.9893208901304433E-002
   2.9501161492916594E-002
   9.4987570128793664E-002
  0.16342834495070235     
  0.23325191981479065     
  0.30214514216999078     
  0.36598026206858947     
  0.42808404993368754     
  0.48240431894643621     
  0.53755725914161445     
  0.58933506724968154     
  0.63900840573418627     
  0.68732923027292259     
  0.72594013918963185     
  0.76278304761510185     
  0.80192081761151712     
  0.83737886211551427     
  0.86196074238550580     
  0.88857464660958385     
  0.90440683573602243     
  0.91546419040151505     
  0.92421149738679276     
  0.92683877643963797     
  0.92848559962629906     
  0.93071019421308421     
  0.92769969005860276     
  0.92651498113454522     
  0.91752186968828653     
  0.90911720111429872     
  0.89265961523067716     
  0.87140391028809461     
  0.84678016782328314     
  0.81345180185510557     
  0.77692569371690379     
  0.73872408126808864     
  0.69056084199459633     
  0.64452145755477108     
  0.59361242859466756     
  0.54332780851754592     
  0.49590211263468120     
  0.44498069836099319     
  0.39779353221209135     
  0.33839414072605223     
  0.28555841091034040     
  0.22282163333089500     
  0.16135587488455627     
   9.7516847855075639E-002
   3.5589148323794007E-002
  -2.5153518497944560E-002
  -7.9564617760752299E-002
 -0.13507015060004335     
 -0.18987685846030899     
 -0.25652456045881422     
 -0.31842543153773306     
 -0.37602624826189412     
 -0.43024428429984596     
 -0.47740540872561432     
 -0.52440115247514996     
 -0.56585186966185574     
 -0.60158955922713631     
 -0.62999639678358577     
 -0.65417915765436163     
 -0.67840356713369943     
 -0.69506467335487798     
 -0.70927369800358520     
 -0.71019536184826393     
 -0.72389434793666396     
 -0.72791860189029478     
 -0.73296158887153062     
 -0.73100480871607942     
 -0.73252189931162093     
 -0.73795645642348973     
 -0.73389009154583107     
 -0.73002697589999954     
 -0.72219390210129575     
 -0.71369657250863794     
 -0.70266587780583478     
 -0.68709798845906533     
 -0.67052244731848987     
 -0.64698570165457880     
 -0.61974054898567488     
 -0.59416678363874098     
 -0.56970403738753816     
 -0.54971182021799336     
 -0.52088265545569357     
