   2.4985751722983558     
   1.0105828757544906     
   1.0231381483088100     
   1.0482899497388978     
   1.0373940778624116     
   1.0472016491032470     
   1.0775668300810537     
   1.0876198212337478     
   1.0719853742956698     
   1.0840753019419762     
   1.1039710696075851     
   1.1034948945052072     
   1.0952402696998140     
   1.1239823853332629     
   1.1131868260672491     
   1.1071270026024465     
   1.1134430511101101     
   1.1044836813558874     
   1.0675822853817714     
   1.0565930896348839     
   1.0481981946468899     
   1.0374185720242259     
   1.0311616873609610     
   1.0192741635267062     
   1.0627586079974449     
   1.0801693539062960     
   1.0695919364613768     
   1.0656612172006668     
   1.0601672975629590     
   1.0580489030463882     
   1.0622430500460709     
   1.0643491752378225     
   1.0497988429921925     
   1.0447259378538476     
   1.0361067256266274     
   1.0336555173227708     
   1.0243877843414069     
  0.97803443123743961     
  0.97244240799398796     
  0.97521768116961027     
  0.97341112640576588     
  0.97054599475224990     
  0.97901204876416514     
  -1.3062344370237469     
  -1.1981869768472588     
  -1.1574236309823078     
  -1.2620321649340434     
  -1.1335556214109275     
  -1.2346369026305304     
  -1.1927129861594388     
  -1.3140732763142129     
  -1.4358666585489139     
  -1.4449349327286534     
  -1.5697182525618558     
  -1.4286018505387084     
  -2.0928400659897690     
  -2.0496349832445162     
  -2.0303111643028586     
  -2.1872455690377741     
  -2.2543371550383711     
  -2.3129189114990005     
  -2.2508915397243356     
  -2.7423320821127639     
  -2.6341814251023408     
  -2.7816145099369374     
  -2.8178700376205299     
  -2.9238568865652113     
  -2.8762633148400987     
  -2.8307651692707907     
  -2.6809032749118451     
  -2.8662034304096551     
  -2.8312426251893825     
  -2.9259522780877560     
  -2.9093238943958255     
  -2.8440299220299217     
  -2.7765717523981834     
  -2.8232585980621181     
  -3.0716228194933777     
  -2.8968681219150234     
  -2.9049007466012213     
  -3.0006088775725956     
  -2.8848728250533355     
  -2.9453555182284825     
  -2.8237437886429504     
  -2.7470653643287939     
  -2.6082487572377491     
  -2.5770279850606310     
  -1.3437961464673123     
  -1.2948840887057003     
  -1.3103537940557288     
  -1.1325114371105975     
 -0.93782419025478703     
 -0.89310071425466830     
 -0.67094449543386503     
 -0.62028048383872303     
 -0.51701000967132060     
 -0.37043353578762339     
 -0.25915022928482656     
 -0.19449517994048016     
 -0.10310615509624199     
 -0.12004249003059630     
  -4.6184459387056620E-002
   4.3686406362986929E-002
   9.9917127468801215E-002
  0.11071618584241527     
   2.2083715292879447E-002
  0.13110579739626793     
  0.18559258114941990     
  0.12396855116321603     
  0.16921277123243073     
  0.25046535940791159     
  0.35928161372490663     
  0.63368604818312946     
  0.73872461152590319     
  0.76350542765289475     
  0.78135579792984045     
  0.77894294757570393     
  0.78549955994810539     
  0.77617447327047007     
  0.75720790388992398     
  0.73206790912931297     
  0.83110730226638907     
  0.81610794262011410     
  0.81810583339678900     
  0.82020682200123041     
  0.84027258867356736     
  0.86954201265701769     
  0.87069060064083104     
  0.89991510394233032     
  0.87843946328498390     
  0.86208014486876205     
  0.49388089160482807     
  0.50017031932074119     
  0.56265031719713932     
  0.55560748406801252     
  0.50547364792050686     
  0.55922827141384612     
   1.4413840335857984     
   1.2652325919018921     
   1.2005015548870261     
   1.1467648964788992     
   1.1907245052305342     
   1.1674143532226657     
   1.1827345736117678     
   1.1545870340193884     
   1.1584918501673140     
   1.1081555344963459     
   1.0943109375985447     
   1.0595651629994181     
   1.0367579008067160     
  0.55293443730260350     
  0.70797369626489548     
  0.72647771507596559     
  0.84852081709983906     
  0.95962906238201384     
  0.48283691671255724     
  0.91610450049078818     
  0.92414007798710074     
   1.0014804516036282     
   1.0431224412357736     
  0.86442717844832373     
   1.1446105245056382     
 -0.22473203003089992     
  0.83680302186035682     
  0.86721692235891368     
  0.86150291237534304     
  0.84544152672706696     
  0.93480429164828038     
  0.93741256541580142     
  0.92847022678609825     
  0.95030643027235939     
  0.94944439557121818     
  0.94468964746783612     
  0.95752616675394542     
  0.96254818664829855     
  0.95817539612407465     
  0.96125265110785207     
  0.96266381830213898     
  0.96432436717995174     
  0.96337063952621449     
  0.97215165768704992     
  0.96685760445712532     
  0.97235973193879488     
  0.97377881126490351     
  0.97430941384468639     
  0.97103013994405618     
  0.97404011554064240     
  0.97606139688650639     
  0.97597904476993946     
  0.97721802285981063     
  0.97789096957361465     
  0.97632743165793201     
  0.97925557252568396     
  0.97878819305421416     
  0.97932601422654386     
  0.98002839195498836     
  0.98140937792528149     
  0.98239574326323265     
  0.98145795289505955     
  0.98254648113659115     
  0.98206898009800625     
  0.98346501756497062     
  0.98301444774569369     
  0.98360233926335461     
  0.98463201178476112     
  0.98442004887900936     
  0.98479725325106138     
  0.98408378475325975     
  0.98434724496819115     
  0.98614706015589171     
  0.98567187993725014     
  0.98586410773599198     
  0.98639143039913435     
  0.98675715156814192     
  0.98652839631732014     
  0.98619288976730690     
  0.98698625211645652     
  0.98680296559061720     
  0.98730207980018747     
  0.98757068027399253     
  0.98804181767054455     
  0.98793943329006950     
  0.98777327627912115     
  0.98817665731661108     
  0.98799876303023737     
  0.98868091773922728     
  0.98837899555129738     
  0.98832635829430870     
  0.98808522457329229     
  0.98852680634976764     
  0.98906153966606780     
  0.98870623820006642     
  0.98906658977487272     
  0.98927693888636448     
  0.98915004426590514     
  0.98923560698892921     
  0.98920671596645349     
  0.98935339936164368     
  0.98964892117418302     
  0.98935713013583282     
  0.98977365550612717     
  0.98970335795691167     
  0.98987613111101780     
  0.99044895669410238     
  0.99021411965960660     
  0.99053022882379005     
  0.99045866156730611     
  0.99068557241217015     
  0.99093647797992890     
  0.99080582603242817     
  0.99070386873793836     
  0.99093139883911618     
  0.99076972020551679     
  0.99095730380250835     
  0.99086162135987976     
  0.99113287350071033     
  0.99135488853832232     
  0.99150497967393747     
  0.99150579179661236     
  0.99124495647443056     
  0.99160312381678040     
  0.99155367054428822     
  0.99164191637152044     
  0.99168482378803802     
  0.99169730951729917     
  0.99162382023857631     
  0.99188657813525083     
  0.99171072694429441     
  0.99174529270894274     
  0.99199970910101998     
  0.99197355336653104     
  0.99185011223406505     
  0.99201636898071754     
  0.99189989946786117     
  0.99200157190271021     
  0.99196740524518479     
  0.99196518751527663     
  0.99198765381107035     
  0.99200579661577848     
  0.99202398357186183     
  0.99208282287220229     
  0.99205901584375766     
  0.99213951170790438     
  0.99210646073802167     
  0.99212288703761686     
  0.99214249776786900     
  0.99216437697323734     
  0.99216040270946859     
  0.99217802350810480     
  0.99219549316944722     
  0.99221354255831429     
  0.99223177946875296     
  0.99225031799371166     
  0.99226980668999332     
  0.99228961521324877     
  0.99231026409989909     
  0.99233144069681600     
  0.99235244818793333     
  0.99237325055353642     
  0.99239383662640890     
  0.99241397558940747     
  0.99243412865041769     
  0.99245498268237853     
  0.99247649374288294     
  0.99249857133461461     
  0.99252094210201847     
  0.99254312807995504     
  0.99256496692676377     
  0.99258641028025529     
  0.99260741461941393     
  0.99262776180270862     
  0.99264749183747192     
  0.99266740437996859     
  0.99268539203452733     
  0.99269103110329482     
  0.99272044879887744     
  0.99273735089079906     
  0.99275290593677212     
  0.99276873818695410     
  0.99278548690751833     
  0.99280119552258128     
  0.99276627899983083     
  0.99283394281323289     
  0.99285153417412531     
  0.99286725904050144     
  0.99289009021872765     
  0.99291108830475139     
  0.99292881541973088     
  0.99295241161346226     
  0.99297732594662236     
  0.99300501082502279     
  0.99300808431402032     
  0.99309009371186363     
  0.99302846104866660     
  0.99299585297915272     
  0.99301574191494879     
  0.99305430132787365     
  0.99327125931550242     
  0.99310409640781216     
  0.99325359951554759     
  0.99318227945154192     
  0.99343536687954703     
  0.99333983235322165     
  0.99352192728456146     
  0.99347487849719407     
  0.99336280825761314     
  0.99353206031355512     
  0.99376855407341225     
  0.99351646062339860     
  0.99363592307012727     
  0.99381239641109431     
  0.99365743581540222     
  0.99376241117690700     
  0.99380155115325963     
  0.99383865076016331     
  0.99401798106057626     
  0.99415926329244542     
  0.99395354460941832     
  0.99409926561913764     
  0.99432268400175161     
  0.99412525968853771     
  0.99409880048406762     
  0.99434251890424363     
  0.99436995203475842     
  0.99425499443868404     
  0.99433133394155071     
  0.99441653080623738     
  0.99448402854960349     
  0.99434095064834160     
  0.99450452060092687     
  0.99444468599435609     
  0.99450482299273446     
  0.99451802907326226     
  0.99459292603685157     
  0.99458958272535369     
  0.99463812363593007     
  0.99443847671564534     
  0.99478364124522400     
  0.99469206512779351     
  0.99470652955130934     
  0.99487957212007139     
  0.99474750404390022     
  0.99474955538815757     
  0.99478285677532341     
  0.99493510141308761     
  0.99479646614452832     
  0.99496256700123453     
  0.99509388625639517     
  0.99496438602996307     
  0.99493105420030314     
  0.99510732860666451     
  0.99508432246711886     
  0.99512712808086690     
  0.99515840010505929     
  0.99515117935192876     
  0.99527815767959105     
  0.99530921156261698     
  0.99532756770445374     
  0.99539874162235975     
  0.99540030324652662     
  0.99537203830125875     
  0.99529708312739373     
  0.99548559070681719     
  0.99558825112679017     
  0.99550409571693166     
  0.99571015028431020     
  0.99566842749673157     
  0.99572736044023813     
  0.99571914164239494     
  0.99571576021470776     
  0.99572113588315858     
  0.99572081850537320     
  0.99584225397639514     
  0.99590370032142062     
  0.99582430937061339     
  0.99584730948835443     
  0.99585165250733354     
  0.99591779582573281     
  0.99598843947126081     
  0.99603179514985385     
  0.99604312743309364     
  0.99610240244671289     
  0.99607824239792819     
  0.99609246149953456     
  0.99621430154853030     
  0.99620172552674546     
  0.99620672341705685     
  0.99620497000259434     
  0.99629903465172376     
  0.99632677587483087     
  0.99639935699229376     
  0.99638686400677301     
  0.99642120334171480     
  0.99646750916122784     
  0.99650641745023982     
  0.99654051570963986     
  0.99656422815911583     
  0.99659293610718080     
  0.99656555223646492     
  0.99663876222216174     
  0.99664704898345491     
  0.99671771705254386     
  0.99674280160337503     
  0.99680120198674871     
  0.99685849793461756     
  0.99687245283843318     
  0.99687167841759816     
  0.99691359927789591     
  0.99691853755669513     
  0.99692545395510024     
  0.99698199846594449     
  0.99698052355189359     
  0.99705912081196146     
  0.99706226368322248     
  0.99709105689600719     
  0.99711592148738148     
  0.99715085152973515     
  0.99716912130543456     
  0.99718699514136500     
  0.99722021433646546     
  0.99716787001691998     
  0.99727266589906449     
  0.99731574912149767     
  0.99731889338937041     
  0.99732227397334583     
  0.99736966128067905     
  0.99736085874645397     
  0.99738868832470118     
  0.99739473341735163     
  0.99743773890050491     
  0.99745522087840754     
  0.99749492648072646     
  0.99752286370278487     
  0.99756155403527069     
  0.99758210774561062     
  0.99761549343945433     
  0.99762836756862328     
  0.99765529275316212     
  0.99767484692817021     
  0.99767982465363758     
  0.99774149632940379     
  0.99773425959914319     
  0.99778959522557464     
  0.99778267068880666     
  0.99783697320523146     
  0.99783437345396209     
  0.99783986621970300     
  0.99788056112086565     
  0.99790133382105228     
  0.99791984192215288     
  0.99795925015391518     
  0.99797344098897245     
  0.99797868178414362     
  0.99800664324875754     
  0.99803639892369844     
  0.99804159783935553     
  0.99806314621395487     
  0.99808202952883107     
  0.99809810808391397     
  0.99812119431253166     
  0.99814545245954100     
  0.99815565064728418     
  0.99817982156798735     
  0.99821086903843081     
  0.99821662759034235     
  0.99824680399284582     
  0.99826370937964271     
  0.99827876541618821     
  0.99830712209386796     
  0.99831814089688820     
  0.99834183619971384     
  0.99835286541996027     
  0.99837184969147863     
  0.99839328801724037     
  0.99841258713787084     
  0.99843263265617477     
  0.99844631839552278     
  0.99848104990065401     
  0.99849280199239132     
  0.99850835172249131     
  0.99853311705515679     
  0.99854885995548059     
  0.99856847782340097     
  0.99859300857526634     
  0.99861206804016334     
  0.99863119090601771     
  0.99865066527365443     
  0.99867031677759854     
  0.99868947553653697     
  0.99870945382990328     
  0.99872911615707460     
  0.99874852138084869     
  0.99876808868932443     
  0.99878646983777486     
  0.99880872328966053     
  0.99882631921435916     
  0.99884814055676685     
  0.99886529050007944     
  0.99888412576452978     
  0.99889786640943967     
  0.99892340794298917     
  0.99893927154048612     
  0.99895922079353738     
  0.99897588908418555     
  0.99900195600163144     
  0.99901073295264453     
  0.99903177806753973     
  0.99905324314917265     
  0.99906857815243910     
  0.99908847201266937     
  0.99909970594434183     
  0.99912216042393354     
  0.99913354687220846     
  0.99915061243473957     
  0.99917186368606803     
  0.99919305520949564     
  0.99921478634840188     
  0.99922134287756137     
  0.99924176650997865     
  0.99926111308796450     
  0.99927929201141197     
  0.99928675740592610     
  0.99930213518955213     
  0.99931534466606387     
  0.99934158673685936     
  0.99936129172638033     
  0.99937188812581823     
  0.99941075218730813     
  0.99941582397009832     
  0.99941605133307476     
  0.99943866629612543     
  0.99947313070489940     
  0.99946482362895139     
  0.99949286597615838     
  0.99951056000480065     
  0.99953196998602856     
  0.99953886078859799     
  0.99957415534620253     
  0.99958129626944370     
  0.99959727282294253     
  0.99961160600338772     
  0.99963906614854281     
  0.99965388020750012     
  0.99966928908215635     
  0.99968867765073810     
  0.99970512447757898     
  0.99972909434342405     
  0.99973106120083366     
  0.99979332201604976     
  0.99979261328847002     
  0.99980924602906818     
  0.99981563822695563     
  0.99983100812189107     
  0.99986569148618898     
  0.99988146583598159     
  0.99990944902192602     
  0.99993539632276551     
  0.99994693282777014     
  0.99995512493623373     
  0.99997470839341007     
  0.99999646963195588     
   1.0000209779243572     
   1.0000490454886659     
   1.0000549918168269     
   1.0000619178170211     
   1.0000968251388258     
   1.0001074916102226     
   1.0001219507700227     
   1.0001498088455349     
   1.0001866468647229     
   1.0002050272511163     
   1.0002257483878343     
   1.0003145996191494     
   1.0002613980381163     
   1.0003055795869917     
   1.0003347077505982     
   1.0003231725626645     
   1.0003535563271466     
   1.0004075776376968     
   1.0004064419987131     
   1.0004298028058827     
   1.0004489720877885     
   1.0004622793428872     
   1.0005015137298052     
   1.0005287538707215     
   1.0005770737810948     
   1.0006598895455276     
   1.0006050911929663     
   1.0006572360126742     
   1.0006797894968624     
   1.0006716408435565     
   1.0006794459262665     
   1.0007045272102033     
   1.0007620452061587     
   1.0007664538757766     
   1.0008180907463320     
   1.0008406324971046     
   1.0008853913842835     
   1.0009152237532142     
   1.0008989560256900     
   1.0009876434022580     
   1.0009680595983141     
   1.0010166408989711     
   1.0009946168303347     
   1.0011134764492624     
   1.0010713352112148     
   1.0011383929369231     
   1.0012084481748271     
   1.0012034973801285     
   1.0012454842881979     
   1.0013239301844976     
   1.0012807269493180     
   1.0013405494104397     
   1.0013099041129081     
   1.0013943726509229     
   1.0015130926711304     
   1.0014640940011148     
   1.0014819981251506     
   1.0014694061134080     
   1.0015926455157818     
   1.0016824673802844     
   1.0016901012483075     
   1.0017524743002015     
   1.0018684062191916     
   1.0018299722120654     
   1.0018336657177649     
   1.0018189442913492     
   1.0019694263037984     
   1.0020901815678096     
   1.0021397211994012     
   1.0021301198048747     
   1.0022101950966937     
   1.0022434360161836     
   1.0022018089976825     
   1.0022245977472579     
   1.0024305719939406     
   1.0024782522369993     
   1.0025028243221605     
   1.0025305241333715     
   1.0025783780423438     
   1.0026030611330370     
   1.0026177336833335     
   1.0028166961843255     
   1.0027887674810003     
   1.0030003778360808     
   1.0031463990949501     
   1.0031931850336697     
   1.0031061068253555     
   1.0031757212987706     
   1.0033519649718592     
   1.0033868977880402     
   1.0035623543656431     
   1.0036127265126549     
   1.0036006142864338     
   1.0036688954523614     
   1.0037276555336607     
   1.0038753576167263     
   1.0038373843969284     
   1.0041530658230604     
   1.0041870206211847     
   1.0043257506335275     
   1.0043382952483861     
   1.0044450657001178     
   1.0047686571536181     
   1.0048053154418337     
   1.0048482001759744     
   1.0048472244531936     
   1.0054697980381215     
   1.0052743384606426     
   1.0089972538126446     
   1.0093445348526870     
   1.0096339134621282     
   1.0097759742658790     
   1.0102560542602532     
   1.0108001986301787     
   1.0103666174450072     
   1.0104150528636993     
   1.0110309709685588     
   1.0112212053269261     
   1.0131769121774603     
   1.0113154789136054     
   1.0124774651832311     
   1.0125182596163285     
   1.0125900807198214     
   1.0129753952787510     
   1.0153806105283962     
   1.0154858596620366     
   1.0147424929729816     
   1.0161287751462922     
   1.0170448650148671     
   1.0169442686870886     
   1.0185761807741045     
   1.0171922042863031     
   1.0202090156784260     
   1.0236696094756290     
   1.0226741531463506     
   1.0278645887526601     
   1.0228026092434535     
   1.0283058475984745     
   1.0241691397603949     
   1.0254396501150698     
   1.0335105554288013     
   1.0296142933729193     
   1.0281941409976163     
   1.0344670751475888     
   1.0309892736268935     
   1.0394112358947751     
   1.0531538150864570     
   1.0568728086803549     
   1.0536108821145120     
   1.0746167930417716     
   1.0752256388668755     
   1.1021204471083763     
   1.0704680896869774     
   1.1075575472916146     
   1.4456933751771488     
   1.4501967633792567     
   1.9117812757476855     
   1.5051530000862030     
   1.0717818992683910     
   1.0049330686550115     
   1.0078366417459819     
   1.1404160124693519     
   1.0008079063731188     
   1.0006681409725826     
   1.0006947431461057     
   1.0005921536900750     
   1.0007830996321316     
   1.0004329048798120     
   1.0003862766389986     
   1.0004366536231473     
   1.0003804156921738     
   1.0003272877263654     
   1.0003135145053008     
   1.0003205020362387     
   1.0002786378930537     
   1.0003004566856859     
   1.0002359837602164     
   1.0002064105758741     
   1.0002403616363793     
   1.0002098645976183     
   1.0001765708311545     
   1.0001888658422864     
   1.0001356265430488     
   1.0001491495495731     
   1.0001354269843077     
   1.0001289329172476     
   1.0001329174651872     
   1.0001221710794210     
   1.0000987408967243     
   1.0000879243625960     
   1.0000774631186218     
   1.0000746263907132     
   1.0000736627295232     
   1.0000614730225301     
   1.0000536597526803     
   1.0000500232483205     
   1.0000446160775986     
   1.0000411987889386     
   1.0000395308991847     
   1.0000371212575396     
   1.0000337942148434     
   1.0000292590564648     
   1.0000307600417242     
   1.0000287144159010     
   1.0000276512457731     
   1.0000244495596160     
   1.0000232877858011     
   1.0000223023252630     
   1.0000202827541855     
   1.0000195579468851     
   1.0000199201449611     
   1.0000162937091588     
   1.0000150185315348     
   1.0000141758668448     
   1.0000112599100506     
   1.0000089960231087     
   1.0000064909668325     
   1.0000030454603568     
   1.0000004860476963     
  0.99999697003943311     
  0.99999340602319542     
  0.99998973825452708     
  0.99998540876752173     
  0.99998197922507437     
  0.99997847332438639     
  0.99997445377919369     
  0.99996876618335051     
  0.99996534693068995     
  0.99996197716964552     
  0.99995786100652617     
  0.99995371185272930     
  0.99995087849756104     
  0.99994627594269758     
  0.99994421013976620     
  0.99994057210512288     
  0.99993720388706819     
  0.99993457661327412     
  0.99993436077181386     
  0.99993146609079275     
  0.99992891366955039     
  0.99992963997382844     
  0.99992982846298162     
  0.99992661881012523     
  0.99993062544163536     
  0.99992726802987519     
  0.99992928855377983     
  0.99992751310248451     
  0.99992953437592647     
  0.99993001117279512     
  0.99993064206621085     
  0.99993287809222586     
  0.99993635080898713     
  0.99993759539396621     
  0.99993760077349236     
  0.99993945853626354     
  0.99994130174915341     
  0.99994118420379863     
  0.99994158603440231     
  0.99994286215560990     
  0.99994345560314102     
  0.99994322645028078     
  0.99994309342165622     
  0.99994170809515737     
  0.99994109896573136     
  0.99994110844886208     
  0.99993943345464942     
  0.99993816063721486     
  0.99993741996565344     
  0.99993450911574655     
  0.99993393092584792     
  0.99993110004194463     
  0.99992883319642445     
  0.99992648112334370     
  0.99992357067232618     
  0.99992027882958823     
  0.99991761691851266     
  0.99991486520143269     
  0.99991195457542315     
  0.99990945328867653     
  0.99990633755644964     
  0.99990369157055436     
  0.99990118871460965     
  0.99989857384761649     
  0.99989614085348322     
  0.99989371526710613     
  0.99989153888445870     
  0.99988953706658990     
  0.99988761038944496     
  0.99988598995814471     
  0.99988444346418959     
  0.99988316648909148     
  0.99988194163937116     
  0.99988089769179211     
  0.99988005303607963     
  0.99987930835728633     
  0.99987862887741474     
  0.99987805864942203     
  0.99987749267404169     
  0.99987692557781216     
  0.99987634066222597     
  0.99987573334450808     
  0.99987512886326257     
  0.99987451590496335     
  0.99987392324088731     
  0.99987333203706896     
  0.99987248764171710     
  0.99987167113255460     
  0.99987066711900852     
  0.99986965699110186     
  0.99986834860152385     
  0.99986702991047238     
  0.99986536327351150     
  0.99986354646345443     
  0.99986172201519707     
  0.99985907697341680     
  0.99985743062992327     
  0.99985508069455875     
  0.99985277565910735     
  0.99985020087260068     
  0.99984819733408514     
  0.99984559040585808     
  0.99984308173547376     
  0.99984096489066587     
  0.99983752029437767     
  0.99983478291451888     
  0.99983258366175320     
  0.99983193806381720     
  0.99983018123731071     
  0.99982820984937959     
  0.99982687005939752     
  0.99982553511369243     
  0.99982297544758936     
  0.99982235350465631     
  0.99982294682861550     
  0.99982060516996896     
  0.99982139966085448     
  0.99982131086463255     
  0.99982112153046021     
  0.99982147084978834     
  0.99981760125441710     
  0.99982060593060407     
  0.99981864028971756     
  0.99982314585107446     
  0.99982353104271771     
  0.99982511978575417     
  0.99982462989552090     
  0.99983166082585839     
  0.99982727042002928     
  0.99983265468624394     
  0.99982951661674946     
  0.99983719998749621     
  0.99983490390533625     
  0.99983238874860447     
  0.99983801796466665     
  0.99983831185515637     
  0.99984297287539903     
  0.99984144495379823     
  0.99983926173618443     
  0.99983812415363715     
  0.99984481414850990     
  0.99983824242205332     
  0.99984137980102616     
  0.99983891007852166     
  0.99983747254432487     
  0.99983873838546877     
  0.99983826540374565     
  0.99983446407119203     
  0.99983580395242200     
  0.99983393061241888     
  0.99983730200181498     
  0.99983014915778856     
  0.99983375205003355     
  0.99983264052374832     
  0.99982365709412946     
  0.99982834046490865     
  0.99983001272235228     
  0.99982778920945847     
  0.99982436441407607     
  0.99982714699840614     
  0.99982374521408701     
  0.99982320798059732     
  0.99982370588831060     
  0.99982343637086046     
  0.99982332042395328     
  0.99982467747533654     
  0.99982344101417198     
  0.99982650358283820     
  0.99982579192756127     
  0.99982689456361484     
  0.99982740191053310     
  0.99982802931443970     
  0.99982551128717390     
  0.99982394206096359     
  0.99982640217335828     
  0.99982671034331005     
  0.99983054494589041     
  0.99983197374305277     
  0.99983443470846467     
  0.99983351760653250     
  0.99983098851003405     
  0.99983391094613161     
  0.99983263921218324     
  0.99983346732388689     
  0.99983468374491924     
  0.99983657517675351     
  0.99983629831620391     
  0.99983763374106616     
  0.99983558643093318     
  0.99983615283850025     
  0.99983400278058099     
  0.99983488206151883     
  0.99983800005722401     
  0.99983552709305545     
  0.99983570617786910     
  0.99983383158534522     
  0.99983716996206340     
  0.99983779652981752     
  0.99983666560561701     
  0.99983900525992198     
  0.99983653617763224     
  0.99983473445254845     
  0.99983676105378816     
  0.99983818427685689     
  0.99983683635508669     
  0.99983945365181359     
  0.99983900814485338     
  0.99983802076646278     
  0.99983867556850470     
  0.99984008584321771     
  0.99984094444269012     
  0.99984419903648103     
  0.99984370641789067     
  0.99984653695570458     
  0.99984448968187678     
  0.99984797567103811     
  0.99984675451604943     
  0.99984971853596782     
  0.99984818074016601     
  0.99985208937506798     
  0.99985328073841107     
  0.99985243131926715     
  0.99985505168768185     
  0.99985666727509681     
  0.99985798250151348     
  0.99985888544188484     
  0.99985925781295037     
  0.99986095108783246     
  0.99986331611205514     
  0.99986653898051259     
  0.99986789442040447     
  0.99986602284167247     
  0.99986911747555851     
  0.99987030267665666     
  0.99987065304882350     
  0.99987098875918434     
  0.99987280669743583     
  0.99987447289738185     
  0.99987512697476610     
  0.99987636901983912     
  0.99987710766675875     
  0.99987866865398445     
  0.99987858145607689     
  0.99988113244864607     
  0.99988146543284806     
  0.99988197751313379     
  0.99988377395717265     
  0.99988495345737505     
  0.99988707118277453     
  0.99988696156444234     
  0.99988860295633586     
  0.99988998940130358     
  0.99988959914379372     
  0.99989134428217685     
  0.99989129756519191     
  0.99989202414038658     
  0.99989342086779942     
  0.99989537683484286     
  0.99989630298647114     
  0.99989730464242044     
  0.99989738606623746     
  0.99989830440074456     
  0.99989944155767674     
  0.99990074513332772     
  0.99990101207552229     
  0.99990272448037487     
  0.99990283141471892     
  0.99990418044421503     
  0.99990555749218046     
  0.99990642193990453     
  0.99990726406661068     
  0.99990805986338105     
  0.99990915501124711     
  0.99991042392536000     
  0.99991035205405154     
  0.99991193466133943     
  0.99991330182407845     
  0.99991406075588785     
  0.99991497837891785     
  0.99991597602071636     
  0.99991706727583463     
  0.99991787629360473     
  0.99991879518738180     
  0.99991979265077546     
  0.99992131591511324     
  0.99992204742208912     
  0.99992297547304787     
  0.99992402383982437     
  0.99992521809813617     
  0.99992625997222540     
  0.99992732344579593     
  0.99992846125609880     
  0.99992954062753903     
  0.99993075421743427     
  0.99993189536312066     
  0.99993279384833578     
  0.99993392842433337     
  0.99993496136565696     
  0.99993605068966929     
  0.99993704456507970     
  0.99993801529021908     
  0.99993900759219723     
  0.99993993123391967     
  0.99994093605657142     
  0.99994181799235449     
  0.99994270617824199     
  0.99994358768419644     
  0.99994449357292048     
  0.99994514099708809     
  0.99994614892009892     
  0.99994722734961883     
  0.99994783805670906     
  0.99994850267522395     
  0.99994919374344526     
  0.99995013099060515     
  0.99995087882853451     
  0.99995136615403624     
  0.99995196138764619     
  0.99995264313338339     
  0.99995297110043246     
  0.99995365749614962     
  0.99995389605686924     
  0.99995427860178054     
  0.99995524553904147     
  0.99995557956838255     
  0.99995638298609890     
  0.99995666419416551     
  0.99995731621757056     
  0.99995776108911549     
  0.99995855348904783     
  0.99995894260316476     
  0.99995975083503730     
  0.99996017223931633     
  0.99996105143740621     
  0.99996145769694778     
  0.99996192733107314     
  0.99996255252116306     
  0.99996287029019015     
  0.99996434916865518     
  0.99996483883483300     
  0.99996508292236896     
  0.99996634123836969     
  0.99996624566250958     
  0.99996756941685838     
  0.99996823719444095     
  0.99996912347652600     
  0.99996964855529313     
  0.99997044754167064     
  0.99997088782450594     
  0.99997227570401037     
  0.99997296303654215     
  0.99997404181572946     
  0.99997455473744878     
  0.99997545597305670     
  0.99997568466816134     
  0.99997691419763512     
  0.99997781170696598     
  0.99997931824282560     
  0.99997987623643425     
  0.99998071185395165     
  0.99998156276050310     
  0.99998303506717523     
  0.99998349794767094     
  0.99998357666042104     
  0.99998490058905531     
  0.99998585998353207     
  0.99998721670068136     
  0.99998865218016775     
  0.99998912396720385     
  0.99999027193394996     
  0.99999085012544953     
  0.99999147401040034     
  0.99999184933372476     
  0.99999200717415704     
  0.99999393142687154     
  0.99999404247913537     
  0.99999464572145413     
  0.99999638173143701     
  0.99999686613793948     
  0.99999804493681665     
  0.99999909259072695     
  0.99999962804843534     
   1.0000012627147647     
   1.0000014223309943     
   1.0000025749139727     
   1.0000028775689103     
   1.0000040335918179     
   1.0000042665066857     
   1.0000064337864316     
   1.0000067234648142     
   1.0000070213241727     
   1.0000075800035404     
   1.0000081675913677     
   1.0000099391176969     
   1.0000118769599950     
   1.0000120383543347     
   1.0000116280398572     
   1.0000143811449824     
   1.0000141248702188     
   1.0000157193473225     
   1.0000167018003676     
   1.0000171950141992     
   1.0000194209060638     
   1.0000197324525253     
   1.0000201469237453     
   1.0000220879756725     
   1.0000242631139811     
   1.0000226263674250     
   1.0000244967894609     
   1.0000275829262835     
   1.0000263913651048     
   1.0000282886521807     
   1.0000297052109914     
   1.0000347385698340     
   1.0000322971015940     
   1.0000332231676392     
   1.0000353909188886     
   1.0000338880088933     
   1.0000360125217087     
   1.0000384915282226     
   1.0000431258252220     
   1.0000441490149505     
   1.0000439597335973     
   1.0000479058348333     
   1.0000481415176594     
   1.0000478751429149     
   1.0000476996149281     
   1.0000501652128264     
   1.0000551613818605     
   1.0000556508671146     
   1.0000537943720946     
   1.0000574723899414     
   1.0000583303246877     
   1.0000598017338653     
   1.0000608887040006     
   1.0000667779641574     
   1.0000660232975704     
   1.0000661842574274     
   1.0000676928649277     
   1.0000666442223975     
   1.0000709484666084     
   1.0000724610717313     
   1.0000732093842952     
   1.0000761820329456     
   1.0000774939238886     
   1.0000754480258038     
   1.0000783432051890     
   1.0000813643170476     
   1.0000808931301002     
   1.0000862260535808     
   1.0000864707189052     
   1.0000876644033383     
   1.0000867030457350     
   1.0000896405607271     
   1.0000875358824111     
   1.0000975495462718     
   1.0000980246065581     
   1.0001022930176449     
   1.0001046479032816     
   1.0001050932634286     
   1.0001053356628908     
   1.0001060440655447     
   1.0001137874766393     
   1.0001146022782930     
   1.0001177351358450     
   1.0001197638542259     
   1.0001266329533429     
   1.0001207218726798     
   1.0001193044027938     
   1.0001205331982543     
   1.0001278112423648     
   1.0001353300338067     
   1.0001363207841969     
   1.0001458277504831     
   1.0001461880646256     
   1.0001515485810764     
   1.0001673494731662     
   1.0001568852260121     
   1.0001662988136246     
   1.0001807096730104     
   1.0001830540530365     
   1.0001754859399270     
   1.0001908558403994     
   1.0001974559375668     
   1.0001982275852974     
   1.0002093682231070     
   1.0002246247419500     
   1.0002165151885301     
   1.0002281612003685     
   1.0002343908568374     
   1.0002469344689509     
   1.0002617167195069     
   1.0002441860278672     
   1.0002759793596425     
   1.0002784650555983     
   1.0002776456625071     
   1.0002874287414123     
   1.0003101183999448     
   1.0002903650995218     
   1.0003478169810123     
   1.0003347588776599     
   1.0003621502832090     
   1.0003929349250953     
   1.0004390399110861     
   1.0003871503834922     
   1.0004397876276272     
   1.0004237181500031     
   1.0004488733505994     
   1.0005096969131331     
   1.0004397406209913     
   1.0005736217380630     
   1.0005383870231439     
   1.0005309876515227     
   1.0006106074898504     
   1.0005831588994418     
   1.0007304956887779     
   1.0006182813715760     
   1.0006396572151388     
   1.0006650588312902     
   1.0006871432155418     
   1.0007948210840247     
   1.0008973558098102     
   1.0010189869760175     
   1.0010530366193784     
   1.0008829202200751     
   1.0010469042219157     
   1.0013810943701813     
   1.0020470014948799     
   1.0014996172219952     
   1.0016705711099902     
   1.0019033459258608     
   1.0021322775492116     
   1.0016480522422051     
   1.0019511785627875     
   1.0041987593400865     
   1.0087656789137274     
   1.0028483216021087     
  0.98558541903022601     
  0.91912616658521529     
  0.98687329405207469     
  0.98525736291632882     
   1.0524154063820603     
  0.99675512792008192     
  0.99659920804428737     
  0.99804846000513692     
  0.99661247671069475     
  0.99765259107759618     
  0.99741570309423011     
  0.99829337734644596     
  0.99773166847881001     
  0.99823609468759855     
  0.99833798214376301     
  0.99865323278376295     
  0.99866004048668344     
  0.99891015865169308     
  0.99871019588006504     
  0.99905262267636008     
  0.99881693238632963     
  0.99901535737654967     
  0.99912973915820125     
  0.99915258542699981     
  0.99908988069601534     
  0.99907508760673380     
  0.99909119965640514     
  0.99923603960754548     
  0.99910751070717652     
  0.99922982117730186     
  0.99925988498045015     
  0.99934065613900147     
  0.99927231986706033     
  0.99928454748859608     
  0.99938102016497066     
  0.99933980700798752     
  0.99936990251013924     
  0.99937741912250999     
  0.99937102221059426     
  0.99937463651544078     
  0.99939380358321728     
  0.99939353562715638     
  0.99939182310613273     
  0.99944848418746091     
  0.99944426431307098     
  0.99942337924255753     
  0.99943320671088998     
  0.99945944957360311     
  0.99945554083071642     
  0.99945827371002505     
  0.99946164061398513     
  0.99948655387914798     
  0.99947270208185301     
  0.99950185087447352     
  0.99947577284058653     
  0.99949746846980503     
  0.99950360635172686     
  0.99951117198265038     
  0.99952813814458707     
  0.99952284582442985     
  0.99949517292747281     
  0.99951700103097885     
  0.99952351613363266     
  0.99950441878785057     
  0.99953438064962441     
  0.99952375690017803     
  0.99954963073668246     
  0.99952988354057482     
  0.99954486137926146     
  0.99953899684474479     
  0.99956271530647456     
  0.99957090419177153     
  0.99953912288220970     
  0.99955276260116932     
  0.99955927424794666     
  0.99956916615125380     
  0.99957503700727912     
  0.99957779897096266     
  0.99956824287174229     
  0.99957363784589504     
  0.99957711764857926     
  0.99957692140624488     
  0.99957420699061750     
  0.99957519164810904     
  0.99958951276331964     
  0.99957981232433823     
  0.99957848835852836     
  0.99957124024829724     
  0.99958797738377569     
  0.99957507539459378     
  0.99959241477817429     
  0.99958388677532373     
  0.99958859768498698     
  0.99958745492177847     
  0.99960537739564970     
  0.99960554529631906     
  0.99958897133223346     
  0.99960238235909493     
  0.99959801197747566     
  0.99959859095349657     
  0.99961819889484538     
  0.99960222505594487     
  0.99961375798059393     
  0.99962469132157317     
  0.99961085922999882     
  0.99961308575621644     
  0.99961561848668401     
  0.99962657741805572     
  0.99962431704462418     
  0.99963009746245302     
  0.99962520438666047     
  0.99963472253464225     
  0.99962952565160634     
  0.99963131454543586     
  0.99964068915955551     
  0.99964206930857102     
  0.99963642111749640     
  0.99963791868438001     
  0.99963915253909619     
  0.99964081352107570     
  0.99964158096756961     
  0.99964190975144973     
  0.99964246585455641     
  0.99964488267507434     
  0.99964330221785502     
  0.99964343899814878     
  0.99964349409654218     
  0.99964332932623368     
  0.99964306412532622     
  0.99964271595137433     
  0.99964221139728338     
  0.99964149455490769     
  0.99964074004952508     
  0.99964002685815956     
  0.99963925500934891     
  0.99963823429497367     
  0.99963731372056408     
  0.99963628061185261     
  0.99963539875711760     
  0.99963447027869567     
  0.99963348625413673     
  0.99963252474297448     
  0.99963167345001480     
  0.99963067578735654     
  0.99962976100843903     
  0.99962893940726150     
  0.99962812276571356     
  0.99962755671984560     
  0.99962706501021459     
  0.99962664986252392     
  0.99962630235864935     
  0.99962594331976362     
  0.99962570759793046     
  0.99962489972278590     
  0.99962559794058592     
  0.99962423092660302     
  0.99962560420779667     
  0.99962565145807503     
  0.99962441359816401     
  0.99962606464069470     
  0.99962493554686738     
  0.99962660997517716     
  0.99962690875566906     
  0.99962720737293154     
  0.99962704110800971     
  0.99962770398357925     
  0.99962801654245936     
  0.99962831332477720     
  0.99962567336845254     
  0.99962873244598427     
  0.99962899392408033     
  0.99962912710648766     
  0.99962583774087577     
  0.99962958892524867     
  0.99962815068956345     
  0.99962557653147854     
  0.99963055919579347     
  0.99962772463103144     
  0.99962022609609136     
  0.99963152722508397     
  0.99963194317932613     
  0.99962390075748786     
  0.99962127157225567     
  0.99963315871505642     
  0.99962778867511659     
  0.99963476231318360     
  0.99963579331645214     
  0.99962873545655029     
  0.99963177050910978     
  0.99963333577189317     
  0.99963839219691941     
  0.99963631235176464     
  0.99964306689812776     
  0.99963781198257706     
  0.99964210899422312     
  0.99964206620678908     
  0.99963691114756870     
  0.99965439414700619     
  0.99963571796054751     
  0.99964424286647002     
  0.99965281991307364     
  0.99965459889067887     
  0.99964468479245383     
  0.99964526471660875     
  0.99966266137391280     
  0.99966134199056444     
  0.99966251124629579     
  0.99966567446819932     
  0.99966946610961571     
  0.99967267655740777     
  0.99966925637486881     
  0.99967721885051830     
  0.99966829187984274     
  0.99967940925179910     
  0.99968337178123079     
  0.99967603372992464     
  0.99968319696519359     
  0.99968152204837324     
  0.99969279719926618     
  0.99969776941458477     
  0.99969727767559391     
  0.99969624577710725     
  0.99969795625300906     
  0.99969040932730380     
  0.99969298307138388     
  0.99969536723154828     
  0.99969976514215375     
  0.99970009444836450     
  0.99970394153399766     
  0.99970133810737849     
  0.99970689591271267     
  0.99970213514385264     
  0.99971029453067928     
  0.99970386874489847     
  0.99970339172311640     
  0.99971254432790335     
  0.99970654345103505     
  0.99970754220648317     
  0.99970975589657129     
  0.99971657430321770     
  0.99970962291406806     
  0.99971552010494946     
  0.99971353576299293     
  0.99971564300765614     
  0.99972129588883185     
  0.99972010185780302     
  0.99971902544019808     
  0.99972106890934143     
  0.99972403485309513     
  0.99972593390131959     
  0.99971529619502597     
  0.99972925105526400     
  0.99972658612561816     
  0.99972814889111561     
  0.99972956758916709     
  0.99973419036250633     
  0.99973212301429015     
  0.99973617352757316     
  0.99973766593748437     
  0.99973795607850491     
  0.99973587414610776     
  0.99974791763038784     
  0.99974772065027118     
  0.99974532189388299     
  0.99974885609800523     
  0.99974473792328666     
  0.99975165074541117     
  0.99974741349412000     
  0.99975465435002775     
  0.99975560224960347     
  0.99975570825821691     
  0.99975887169193101     
  0.99975639705221298     
  0.99976195296705583     
  0.99975894907138496     
  0.99976498134644842     
  0.99976772422623483     
  0.99976608168887182     
  0.99977107089409145     
  0.99977243071569788     
  0.99976986234110754     
  0.99977311029157789     
  0.99977664994614202     
  0.99977903885045194     
  0.99978033027427138     
  0.99978482606109864     
  0.99978807331430630     
  0.99978911755929545     
  0.99978977472048292     
  0.99979146545349451     
  0.99979341512813846     
  0.99979666812319579     
  0.99979891571352653     
  0.99980121554742052     
  0.99980309675411760     
  0.99980734403601801     
  0.99980902713443953     
  0.99981049958573909     
  0.99981144402464572     
  0.99981342425035269     
  0.99981710207700747     
  0.99981632212601212     
  0.99981926528440113     
  0.99982171648159834     
  0.99982254418650740     
  0.99982620043729042     
  0.99982871957348252     
  0.99982750518773678     
  0.99983072601242640     
  0.99983087720509900     
  0.99983409342886631     
  0.99983362221609084     
  0.99983583374514851     
  0.99983704078386459     
  0.99983857385043517     
  0.99983817298210198     
  0.99983970481973206     
  0.99984122611857629     
  0.99984178717266747     
  0.99984225642822810     
  0.99984518989045057     
  0.99984568186553702     
  0.99984601533711626     
  0.99984624294210489     
  0.99984717152808855     
  0.99984884160958032     
  0.99984947092556808     
  0.99985062855695261     
  0.99985099044656067     
  0.99985309832876634     
  0.99985368918613560     
  0.99985454336536250     
  0.99985619431484452     
  0.99985618407676924     
  0.99985704134844511     
  0.99985793609017914     
  0.99985939926829914     
  0.99985908887150288     
  0.99986101279466055     
  0.99986322473986711     
  0.99986357071256293     
  0.99986503878921340     
  0.99986558483462673     
  0.99986738277422305     
  0.99986741286082292     
  0.99986940417170800     
  0.99987036791530404     
  0.99987171643824801     
  0.99987296623046884     
  0.99987320842560301     
  0.99987406822117597     
  0.99987570894865740     
  0.99987677725738067     
  0.99987728328566816     
  0.99987876510624929     
  0.99988008657362748     
  0.99988048509163718     
  0.99988253452118059     
  0.99988341503232192     
  0.99988420646364184     
  0.99988581931185649     
  0.99988673767756531     
  0.99988801292335339     
  0.99988912244541339     
  0.99989029723052170     
  0.99989165482324438     
  0.99989290803153708     
  0.99989439519819712     
  0.99989561784501646     
  0.99989700738658627     
  0.99989859365253153     
  0.99990006886765315     
  0.99990161704445701     
  0.99990318340693563     
  0.99990483222200055     
  0.99990645421554447     
  0.99990818296571504     
  0.99990979144074821     
  0.99991170800268492     
  0.99991296232550653     
  0.99991508587632616     
  0.99991688046080895     
  0.99991834828776760     
  0.99991972075910951     
  0.99992176859079862     
  0.99992376533408844     
  0.99992569851259816     
  0.99992727274290871     
  0.99992892099025710     
  0.99993078341566743     
  0.99993285404479693     
  0.99993397581045151     
  0.99993651988359034     
  0.99993735934536865     
  0.99993917512107888     
  0.99994063514741782     
  0.99994233186506420     
  0.99994410835996916     
  0.99994706832718450     
  0.99994754994557766     
  0.99994933934693364     
  0.99995084511177978     
  0.99995206857615315     
  0.99995302089961413     
  0.99995587433028987     
  0.99995674097992548     
  0.99995718319307869     
  0.99995925149402964     
  0.99995973322902998     
  0.99996134816696269     
  0.99996307316342836     
  0.99996342416543982     
  0.99996536744981768     
  0.99996528432389731     
  0.99996664240884492     
  0.99996772003953538     
  0.99996780786436101     
  0.99996984521189791     
  0.99997297343452463     
  0.99997225818141544     
  0.99997233036853217     
  0.99997304435612167     
  0.99997459643419773     
  0.99997419980181235     
  0.99997576501270302     
  0.99997797223354468     
  0.99997744695833646     
  0.99997775502894726     
  0.99997896066163605     
  0.99998176284545126     
  0.99997930122452061     
  0.99998253241945889     
  0.99998363481900432     
  0.99998238226314839     
  0.99998562498485555     
  0.99998614906484296     
  0.99998602611109177     
  0.99998925941904204     
  0.99998989919094150     
  0.99999000987698139     
  0.99998963854167222     
  0.99999107382820185     
  0.99999262556898927     
  0.99999418243300298     
  0.99999498177470691     
  0.99999747726502619     
  0.99999898225768291     
   1.0000000011993322     
   1.0000008671295788     
   1.0000010846818577     
   1.0000029893537103     
   1.0000055454774461     
   1.0000070036528550     
   1.0000083156535062     
   1.0000064738593508     
   1.0000133934895317     
   1.0000113902728884     
   1.0000156789451538     
   1.0000132984387129     
   1.0000194986358899     
   1.0000196717394978     
   1.0000171784415777     
   1.0000219256401075     
   1.0000260743017080     
   1.0000276047908550     
   1.0000303483760717     
   1.0000338231982617     
   1.0000321920289661     
   1.0000326006402522     
   1.0000340453446084     
   1.0000411740634441     
   1.0000433770148405     
   1.0000438319102953     
   1.0000500938097137     
   1.0000499124709510     
   1.0000541769603934     
   1.0000533536292160     
   1.0000621971646417     
   1.0000621770100828     
   1.0000634634986838     
   1.0000734495969947     
   1.0000748352971200     
   1.0000718848657826     
   1.0000784826247173     
   1.0000763389031171     
   1.0000834377756680     
   1.0000893485797562     
   1.0000960253832893     
   1.0000919458734643     
   1.0000957673309596     
   1.0000997415985644     
   1.0001087943948299     
   1.0001057075702597     
   1.0001121705809997     
   1.0001098450134975     
   1.0001145029462180     
   1.0001194184232833     
   1.0001220456678652     
   1.0001215449330800     
   1.0001284702737578     
   1.0001317499675686     
   1.0001305301487271     
   1.0001399672287903     
   1.0001474423170649     
   1.0001442972651304     
   1.0001522776621741     
   1.0001596644047321     
   1.0001583306374968     
   1.0001607271099786     
   1.0001791916802585     
   1.0001670923604662     
   1.0001705097319054     
   1.0001710992899451     
   1.0001838038990378     
   1.0001821369557220     
   1.0002004596287399     
   1.0001891040760356     
   1.0002042147832153     
   1.0001942999965872     
   1.0002056663538657     
   1.0002061824953854     
   1.0002111346154390     
   1.0002121187808228     
   1.0002312918447736     
   1.0002275645982763     
   1.0002263284923139     
   1.0002288982363399     
   1.0002332162385414     
   1.0002418441896630     
   1.0002479669159037     
   1.0002509898778662     
   1.0002735063539951     
   1.0002713525651430     
   1.0002835680899409     
   1.0002704946161849     
   1.0002832859714843     
   1.0003002064130655     
   1.0002787954427674     
   1.0002973601076306     
   1.0002906353519929     
   1.0003078020363105     
   1.0003176749583957     
   1.0003471771483330     
   1.0003503344913529     
   1.0003708025432907     
   1.0003665667377861     
   1.0003643400216014     
   1.0003773863966074     
   1.0003991648059465     
   1.0004238465465622     
   1.0003841119922559     
   1.0004062037749937     
   1.0004206025287488     
   1.0004477792385447     
   1.0004618676921853     
   1.0004912758202842     
   1.0004642224528819     
   1.0005104244881089     
   1.0005396885113829     
   1.0005168256796111     
   1.0005794905765519     
   1.0006349316692784     
   1.0005456965524857     
   1.0006042976838270     
   1.0006747443330060     
   1.0006737535746186     
   1.0006990077797688     
   1.0008076053443702     
   1.0007434056231723     
   1.0008489402625962     
   1.0008594900710364     
   1.0008854312194266     
   1.0009154626778027     
   1.0008422938677697     
   1.0009496637327544     
   1.0011350856345693     
   1.0009718927149791     
   1.0010798911314005     
   1.0011066043407908     
   1.0012099287759710     
   1.0012695399771587     
   1.0015194428206158     
   1.0015516834508915     
   1.0015412607259542     
   1.0013713187154452     
   1.0027429698639629     
   1.0018597872934460     
   1.0016943717922047     
   1.0020836035667484     
   1.0027556275827934     
   1.0021892625273701     
   1.0025977795659493     
   1.0039354846565516     
   1.0026973881950081     
   1.0074196541782854     
   1.0039757905621549     
   1.0045176059693333     
   1.0052334529792830     
   1.1105056275468819     
   1.0107534126770332     
   1.0157315399794662     
  0.98201694976585330     
  0.96604229147697929     
  0.99041323013380733     
  0.98637473175928392     
  0.99225381862521456     
  0.99208270539331167     
  0.98955587543347434     
  0.99127433463952741     
  0.99464463867461461     
  0.99609092265934684     
  0.99718792589339689     
  0.99678291171906253     
  0.99704779846905822     
  0.99736811414981608     
  0.99731492599002536     
  0.99691930707058773     
  0.99709634457576080     
  0.99806924660848928     
  0.99764764254323879     
  0.99753564684597329     
  0.99824825927782967     
  0.99801905320861550     
  0.99821120701785571     
  0.99835010676093106     
  0.99824306308971700     
  0.99836216265475564     
  0.99842549690004034     
  0.99851378193457485     
  0.99862396953734489     
  0.99867089742272341     
  0.99871275890610889     
  0.99873578648635686     
  0.99881404113949657     
  0.99881696425898814     
  0.99880932436409964     
  0.99888084978934000     
  0.99892409827665318     
  0.99899780200521171     
  0.99898468105130434     
  0.99891195932460164     
  0.99901204623847839     
  0.99902236137701550     
  0.99894690004835951     
  0.99902029075062870     
  0.99908212681609854     
  0.99907619636955403     
  0.99912318711675852     
  0.99909320749170760     
  0.99908340095932147     
  0.99918507464470352     
  0.99912366394065932     
  0.99910233255823577     
  0.99912218224429949     
  0.99920414294758064     
  0.99916225223916655     
  0.99922580949408424     
  0.99921438868153034     
  0.99918866539538342     
  0.99921341900444460     
  0.99922684105398218     
  0.99921788295564795     
  0.99925584629810515     
  0.99926162170422117     
  0.99923527855814598     
  0.99925374702825076     
  0.99925963186053757     
  0.99925950416587561     
  0.99925616519956861     
  0.99926486135312231     
  0.99930429132958665     
  0.99931023276378994     
  0.99927982915802716     
  0.99928907692770252     
  0.99931629948511258     
  0.99928567696138715     
  0.99933060609349411     
  0.99931489239532567     
  0.99931682233184205     
  0.99929624915212223     
  0.99934742347948280     
  0.99931016880974610     
  0.99934138065788147     
  0.99936478334398959     
  0.99935272684812304     
  0.99936208310506203     
  0.99936648448376530     
  0.99935031904352911     
  0.99935716975503519     
  0.99935246551212131     
  0.99938581763979784     
  0.99937226246951383     
  0.99934743122135927     
  0.99939674913849696     
  0.99938921246379664     
  0.99938891319769851     
  0.99939422914867926     
  0.99938739536238774     
  0.99939104060140238     
  0.99939082272922874     
  0.99940808769562395     
  0.99940409842353617     
  0.99939095975915393     
  0.99938849236938054     
  0.99941472460250580     
  0.99940766842411932     
  0.99941010403906816     
  0.99941605839385517     
  0.99940800372094607     
  0.99942100492688013     
  0.99941462355861166     
  0.99942638410419349     
  0.99942445108310807     
  0.99942300984053389     
  0.99943810892047935     
  0.99942935076507311     
  0.99943713346385898     
  0.99943597934323236     
  0.99943872019336055     
  0.99944166263558643     
  0.99944453696577895     
  0.99945210893582725     
  0.99945198252773082     
  0.99945315444701777     
  0.99945445007355893     
  0.99945669422005068     
  0.99946084061611629     
  0.99946068963267010     
  0.99946248200674859     
  0.99946396851486341     
  0.99946539576871629     
  0.99946667118206123     
  0.99946769846362415     
  0.99946864032932847     
  0.99946939229329601     
  0.99947049697878398     
  0.99947034941885349     
  0.99947072069524623     
  0.99947097525648787     
  0.99947101621392775     
  0.99947087413935520     
  0.99947056212313612     
  0.99947024007003904     
  0.99946964118196746     
  0.99946902759656098     
  0.99946822516273315     
  0.99946763410410755     
  0.99946704841263134     
  0.99946631896683868     
  0.99946571655662630     
  0.99946528261935441     
  0.99946472425069621     
  0.99946428234300200     
  0.99946373240969921     
  0.99946263645674094     
  0.99946270492804956     
  0.99946265614639795     
  0.99946230256287727     
  0.99946208064066511     
  0.99946182751864265     
  0.99946173809654937     
  0.99946170222146691     
  0.99946154988805702     
  0.99946156804006492     
  0.99945832978284344     
  0.99945594976556196     
  0.99946207858232583     
  0.99946242780797689     
  0.99945856278203493     
  0.99946293461693969     
  0.99946353424359557     
  0.99946418700682926     
  0.99945053115045468     
  0.99946346067351755     
  0.99945427187584812     
  0.99945977457772628     
  0.99946634615760388     
  0.99946775461000747     
  0.99946766502972295     
  0.99946341215095202     
  0.99946841452626245     
  0.99947145723750452     
  0.99947523139739847     
  0.99946580259558715     
  0.99947841244786773     
  0.99947044883871428     
  0.99946570207897523     
  0.99947939366040739     
  0.99947835390855033     
  0.99947220932819647     
  0.99948331344937458     
  0.99948379595446113     
  0.99946749333131990     
  0.99949037400647711     
  0.99949847685621895     
  0.99948730982619338     
  0.99949542324748109     
  0.99949269537446295     
  0.99949276420479549     
  0.99950968975940313     
  0.99950006731459062     
  0.99950190813291506     
  0.99950706787930343     
  0.99950162042788548     
  0.99951869995654263     
  0.99952533919447362     
  0.99951024989082882     
  0.99951985630311135     
  0.99952678184692090     
  0.99952880189387727     
  0.99953982479991410     
  0.99954387091631691     
  0.99954069553405844     
  0.99955626213604454     
  0.99954988791787969     
  0.99956510331595139     
  0.99955853438412490     
  0.99955964785128515     
  0.99956389450772321     
  0.99956997157627114     
  0.99956684012498354     
  0.99958050086904393     
  0.99957907580869687     
  0.99956948456186012     
  0.99958003475170454     
  0.99958618283623935     
  0.99958348750437409     
  0.99958918217836512     
  0.99959614161586430     
  0.99959900450264882     
  0.99959286758804211     
  0.99959519163426691     
  0.99961041195381739     
  0.99960308768661932     
  0.99960554855561412     
  0.99961540484486022     
  0.99960812733071691     
  0.99961248434404215     
  0.99961376944903613     
  0.99961964313300911     
  0.99961645322238368     
  0.99962007528517560     
  0.99962078519022413     
  0.99962629419806603     
  0.99962089862741976     
  0.99963065296916298     
  0.99962987470421893     
  0.99962876342921092     
  0.99963294055677920     
  0.99963605208662187     
  0.99963806690534085     
  0.99963678422115265     
  0.99963728445716171     
  0.99964528833390354     
  0.99964035413039909     
  0.99964211864006458     
  0.99964618249543058     
  0.99964214351831160     
  0.99965112625953978     
  0.99964912392979954     
  0.99965029841102648     
  0.99965671699873404     
  0.99965739444772528     
  0.99965821934641141     
  0.99965754456761147     
  0.99966486188225723     
  0.99967271766686849     
  0.99966948897784302     
  0.99966870926070106     
  0.99966925470776857     
  0.99967460610002234     
  0.99967590935618933     
  0.99967574233577139     
  0.99968145562997535     
  0.99968528425067760     
  0.99968719953383989     
  0.99969041537155334     
  0.99969236187806487     
  0.99969456193019823     
  0.99969978769487966     
  0.99970077801727086     
  0.99970566732195465     
  0.99970520772170346     
  0.99970863319860470     
  0.99971015020945941     
  0.99971386884843594     
  0.99971654400306598     
  0.99971642083860957     
  0.99971969296058205     
  0.99972553749970317     
  0.99973176679318243     
  0.99972561408229765     
  0.99973422901865661     
  0.99973599743712960     
  0.99973957538950842     
  0.99974239604869908     
  0.99974552066751166     
  0.99974516207160491     
  0.99975101886815310     
  0.99975498926266937     
  0.99975558754744043     
  0.99975950406953729     
  0.99976050586165588     
  0.99976581598984282     
  0.99976606333832763     
  0.99976745371010267     
  0.99977025877926451     
  0.99977456139007614     
  0.99977654599431531     
  0.99977617045490241     
  0.99978354906777867     
  0.99978418105716216     
  0.99978710774898616     
  0.99978774029314366     
  0.99979073144921804     
  0.99979018995984603     
  0.99979552666253202     
  0.99979606656424913     
  0.99979942827443224     
  0.99979940153075120     
  0.99980211337612701     
  0.99980272090196110     
  0.99980421477298620     
  0.99980638998934879     
  0.99980806520879728     
  0.99980987641486507     
  0.99981021450026475     
  0.99981256200191826     
  0.99981459976862297     
  0.99981521943489327     
  0.99981608197581906     
  0.99981859650172211     
  0.99982023680206034     
  0.99982018017858820     
  0.99982166384952720     
  0.99982295988501591     
  0.99982543502136423     
  0.99982591548596211     
  0.99982702628862929     
  0.99982797459798078     
  0.99983010606700162     
  0.99983126589268778     
  0.99983167768528958     
  0.99983263223367302     
  0.99983439727248680     
  0.99983508066878102     
  0.99983596301771982     
  0.99983827512413037     
  0.99984003062424165     
  0.99984187352605147     
  0.99984255687497736     
  0.99984450270039460     
  0.99984463402920021     
  0.99984650757648552     
  0.99984829331245706     
  0.99985045405944639     
  0.99985096134394524     
  0.99985299022283414     
  0.99985430242140216     
  0.99985646973812514     
  0.99985816774687031     
  0.99985936928089281     
  0.99986147016983651     
  0.99986317635175936     
  0.99986451091112194     
  0.99986647764114323     
  0.99986834016521264     
  0.99987003725099832     
  0.99987177760270640     
  0.99987355652000076     
  0.99987553437353749     
  0.99987742271790481     
  0.99987931111872541     
  0.99988119293273314     
  0.99988308308854101     
  0.99988499406154219     
  0.99988688611288001     
  0.99988865905640623     
  0.99989071894561121     
  0.99989264325748906     
  0.99989474419734004     
  0.99989664002236722     
  0.99989861057282281     
  0.99990075936233680     
  0.99990248878670851     
  0.99990490048563885     
  0.99990691270248533     
  0.99990888460929739     
  0.99991093860584712     
  0.99991305677067643     
  0.99991501618996637     
  0.99991678864854983     
  0.99991961438300336     
  0.99992120457179112     
  0.99992284066634696     
  0.99992429816529871     
  0.99992704108179176     
  0.99992998835045199     
  0.99993143259908379     
  0.99993197884286644     
  0.99993441440374653     
  0.99993602125326042     
  0.99993877188111924     
  0.99993914850155363     
  0.99994295053592586     
  0.99994355273796387     
  0.99994583192519215     
  0.99994722214524590     
  0.99994862966953413     
  0.99995001241731241     
  0.99995124905507282     
  0.99995242527087180     
  0.99995392705334041     
  0.99995651224048387     
  0.99995646976335095     
  0.99995898771433289     
  0.99995966015761439     
  0.99996094685452874     
  0.99996130947624629     
  0.99996228900756190     
  0.99996646036206727     
  0.99996896424542925     
  0.99996741040837023     
  0.99996823429108517     
  0.99996941058230959     
  0.99996987067011389     
  0.99997231720377044     
  0.99997184417598817     
  0.99997436188703093     
  0.99997712989892307     
  0.99997770914366413     
  0.99997952154160785     
  0.99997787330591592     
  0.99998122350081431     
  0.99998001589862895     
  0.99998270606645079     
  0.99998335317464537     
  0.99998662675618988     
  0.99998450315497855     
  0.99998551735915697     
  0.99998673349747769     
  0.99998840590752824     
  0.99999096800456755     
  0.99999226355631521     
  0.99999432000380040     
  0.99999636353152965     
  0.99999575375499106     
   1.0000007245607527     
   1.0000003352947218     
   1.0000010333082905     
   1.0000037008831093     
   1.0000053187563065     
   1.0000046326962710     
   1.0000078415957034     
   1.0000120520496463     
   1.0000137412068817     
   1.0000161871773798     
   1.0000165006743345     
   1.0000194044957418     
   1.0000218005663655     
   1.0000214431243606     
   1.0000267026831757     
   1.0000285215180575     
   1.0000320335519319     
   1.0000333186556833     
   1.0000379696039197     
   1.0000381762508397     
   1.0000438525592035     
   1.0000412067137994     
   1.0000548753329284     
   1.0000546532894319     
   1.0000587571540720     
   1.0000556995650989     
   1.0000655124431557     
   1.0000606198522917     
   1.0000699599763223     
   1.0000790579564818     
   1.0000785496494533     
   1.0000770505514751     
   1.0000838176286271     
   1.0000892906312266     
   1.0000834341265232     
   1.0000916470550685     
   1.0000937601587951     
   1.0001000733741208     
   1.0001009103530549     
   1.0000997495691450     
   1.0001068956375434     
   1.0001124940687589     
   1.0001132699319797     
   1.0001145850288076     
   1.0001190387296930     
   1.0001265927076108     
   1.0001166121592204     
   1.0001235318158308     
   1.0001315389693914     
   1.0001357431205571     
   1.0001362725767322     
   1.0001476035407144     
   1.0001394366867817     
   1.0001418040981562     
   1.0001555970957376     
   1.0001554228159861     
   1.0001515465284285     
   1.0001615651003988     
   1.0001641449730911     
   1.0001669653971570     
   1.0001665791069456     
   1.0001735441750981     
   1.0001778439038524     
   1.0001874058564120     
   1.0001799724683114     
   1.0001889533781796     
   1.0002000953331844     
   1.0001875907168580     
   1.0001974725161915     
   1.0002058635168680     
   1.0002009245634067     
   1.0002136493277831     
   1.0002136485558477     
   1.0002293259260213     
   1.0002298720656722     
   1.0002338033309570     
   1.0002470103229442     
   1.0002348521803484     
   1.0002423405683469     
   1.0002456350272602     
   1.0002681395948336     
   1.0002653081929225     
   1.0002861709647117     
   1.0002681665570918     
   1.0002731550273936     
   1.0002784768427624     
   1.0003109075619676     
   1.0002730884861819     
   1.0002908219176341     
   1.0003226686468096     
   1.0003162804291712     
   1.0003492467007167     
   1.0003145161705156     
   1.0003520995330355     
   1.0003551567451794     
   1.0003430020484192     
   1.0003601369141144     
   1.0003663762399029     
   1.0004013211935110     
   1.0003937422456330     
   1.0004157061729018     
   1.0004463823475476     
   1.0004306862203212     
   1.0004546565467791     
   1.0004855524084064     
   1.0004774841621398     
   1.0004618890733958     
   1.0005584911660073     
   1.0004933184553089     
   1.0005329997461327     
   1.0005236314558452     
   1.0005510802025057     
   1.0005752370879755     
   1.0005669277022342     
   1.0006750777685696     
   1.0007023270835331     
   1.0006407353435520     
   1.0006748632392348     
   1.0007706283873752     
   1.0007574117560392     
   1.0008277991131740     
   1.0007954091224498     
   1.0009732768140038     
   1.0009739851496597     
   1.0010623044529865     
   1.0010079456579710     
   1.0010009952965166     
   1.0009289214248456     
   1.0009663445229897     
   1.0011760459628611     
   1.0010617161542577     
   1.0012197847418376     
   1.0012947613474665     
   1.0014537738039095     
   1.0014615518156686     
   1.0015703220404166     
   1.0016626047628705     
   1.0017487273674845     
   1.0016650984279352     
   1.0021003947046339     
   1.0023181842378843     
   1.0024153086631129     
   1.0025096439476258     
   1.0032716620913504     
   1.0037461293286043     
   1.0028523111133758     
   1.0030951635721408     
   1.0062990556119900     
   1.0083079718760324     
   1.0054477260705816     
   1.0036673058487828     
   1.0077098264277347     
   1.0702256519157984     
   1.0208394019585771     
   1.0140266108432670     
  0.95222813057903721     
  0.98619924037368278     
  0.98584880514936657     
  0.95084900654777549     
  0.99250043524330067     
  0.99334808900550442     
  0.99472735510056509     
  0.99175427483303302     
  0.99450545226631348     
  0.99374642230042554     
  0.99635260401318604     
  0.99705191357816503     
  0.99758805593743993     
  0.99755992274043770     
  0.99661155236947252     
  0.99765668842115574     
  0.99770633822384980     
  0.99777920394659247     
  0.99797397836015378     
  0.99819987040685731     
  0.99828568066632783     
  0.99830675452632178     
  0.99841783813237228     
  0.99855944615348591     
  0.99849011102633689     
  0.99862337433835080     
  0.99861146629240238     
  0.99868466039233539     
  0.99864956612161393     
  0.99881336449182168     
  0.99885134763492900     
  0.99890116881428348     
  0.99888350693254557     
  0.99882179841115359     
  0.99880103032786138     
  0.99894165881323715     
  0.99890107187773913     
  0.99900248438585582     
  0.99899317013487376     
  0.99899599326532140     
  0.99904752616697046     
  0.99902716891633858     
  0.99906081190799512     
  0.99905721279189663     
  0.99906528362478486     
  0.99912566020312177     
  0.99912991884702862     
  0.99908455144873720     
  0.99920282455712650     
  0.99918466475034506     
  0.99919943272908185     
  0.99918866589581334     
  0.99918964018812773     
  0.99915725982790704     
  0.99918184045932534     
  0.99920866140765607     
  0.99922743067891062     
  0.99920486684585796     
  0.99924390722154399     
  0.99923171709928482     
  0.99923123364238720     
  0.99925543074823509     
  0.99925760273013609     
  0.99928476538036648     
  0.99923653658171308     
  0.99926913782773141     
  0.99928454264799882     
  0.99928112487767784     
  0.99928072945571778     
  0.99931533813225926     
  0.99929809097300115     
  0.99931027897445546     
  0.99930866143602515     
  0.99933887043511405     
  0.99934438833025396     
  0.99935016387794207     
  0.99934274811678225     
  0.99932616214474734     
  0.99934710489327294     
  0.99934111656059343     
  0.99931927138113963     
  0.99935183779414771     
  0.99938269496986010     
  0.99934689524007680     
  0.99937631098234903     
  0.99935879554132967     
  0.99936165990251702     
  0.99940272777256034     
  0.99937511191973627     
  0.99937497634578776     
  0.99938275137800758     
  0.99940933678457355     
  0.99939516325658317     
  0.99939094092460579     
  0.99941307850352912     
  0.99940601395862672     
  0.99941040617020249     
  0.99940828354211675     
  0.99940774129323984     
  0.99942693285569595     
  0.99940359593260619     
  0.99942021258091174     
  0.99942270552094037     
  0.99941558999372759     
  0.99942971249110002     
  0.99944020030330005     
  0.99942481917440285     
  0.99943792498353901     
  0.99943630871839417     
  0.99944764835975519     
  0.99943811869901822     
  0.99944152685296928     
  0.99944839720233247     
  0.99945720376724489     
  0.99944970252532173     
  0.99945459876387588     
  0.99945503953346204     
  0.99946061741323433     
  0.99946696970815196     
  0.99946272218829790     
  0.99946503337295312     
  0.99946735570406275     
  0.99946947629551630     
  0.99947161338126378     
  0.99947358213966808     
  0.99947533179052073     
  0.99947693332958210     
  0.99947848055924804     
  0.99947994854427691     
  0.99948133628739910     
  0.99948236619287556     
  0.99948347723155706     
  0.99948424589577201     
  0.99948505554232270     
  0.99948540514013118     
  0.99948575964201325     
  0.99948591297460254     
  0.99948595639163784     
  0.99948593255842155     
  0.99948562594447998     
  0.99948528744209864     
  0.99948463774580532     
  0.99948421285884237     
  0.99948354640252290     
  0.99948287621093357     
  0.99948242442000801     
  0.99948203211368281     
  0.99948160614717807     
  0.99948058587661492     
  0.99948067245123973     
  0.99948044423905502     
  0.99948008854775061     
  0.99947980547119109     
  0.99947952180894362     
  0.99947920971117643     
  0.99947900249363597     
  0.99947886944457665     
  0.99947769864159142     
  0.99947871896735307     
  0.99947594403237261     
  0.99947508200978241     
  0.99947530838225163     
  0.99947967350254530     
  0.99947574772964720     
  0.99947430576845164     
  0.99948106026176631     
  0.99947465326638252     
  0.99948240997323268     
  0.99948315872987337     
  0.99947887655197221     
  0.99947970733949276     
  0.99948646891854054     
  0.99947696564535049     
  0.99948872541964917     
  0.99948996002388579     
  0.99948149054584334     
  0.99948439168740677     
  0.99949320113470819     
  0.99949234149603328     
  0.99949108920272778     
  0.99948660665883438     
  0.99949372005850279     
  0.99950288035999280     
  0.99950132354445564     
  0.99949973434269612     
  0.99949009503133723     
  0.99949210939387712     
  0.99949379392616855     
  0.99951470694773725     
  0.99950535312547828     
  0.99950640905917965     
  0.99951524787077872     
  0.99950585031424311     
  0.99949751225172179     
  0.99951186430091354     
  0.99952345125306863     
  0.99951274897991027     
  0.99951516395809881     
  0.99952285762536519     
  0.99950902712394196     
  0.99953303026172780     
  0.99953196365130381     
  0.99953851547355299     
  0.99953547614802618     
  0.99952693680219085     
  0.99953301022822671     
  0.99953821910267815     
  0.99955304321610683     
  0.99954004107867966     
  0.99954971703954953     
  0.99955627631892163     
  0.99955479055616792     
  0.99956392684941875     
  0.99956293468990509     
  0.99956554762834315     
  0.99956589246297867     
  0.99957891200241633     
  0.99958249682602407     
  0.99958098397452622     
  0.99958298979557370     
  0.99959004503302928     
  0.99958823429236965     
  0.99958538270806585     
  0.99959047425413061     
  0.99959447022389192     
  0.99959794879184738     
  0.99960751252881286     
  0.99960745397282835     
  0.99961756132532997     
  0.99960715326297134     
  0.99960174863308282     
  0.99961961026459711     
  0.99962204788021225     
  0.99962488173935071     
  0.99963137577574912     
  0.99962944343741711     
  0.99962589253247813     
  0.99962565025742833     
  0.99963239464095821     
  0.99964114068632615     
  0.99963900283894347     
  0.99963306550280606     
  0.99964082214928851     
  0.99964106673758124     
  0.99964164537203715     
  0.99964902716564552     
  0.99965120815517139     
  0.99964786294515484     
  0.99965771278550264     
  0.99965395540428403     
  0.99965472731161498     
  0.99966011336914562     
  0.99965577452459442     
  0.99965945950215485     
  0.99966144634403520     
  0.99966337197937349     
  0.99966869941515313     
  0.99966541265659892     
  0.99967166243877514     
  0.99967124840117561     
  0.99968126942504121     
  0.99967448710596685     
  0.99967508281935835     
  0.99967732255542074     
  0.99968251586079582     
  0.99968273193880819     
  0.99968758718534900     
  0.99968644092517556     
  0.99968753772347441     
  0.99968685979808924     
  0.99969179350209103     
  0.99969687146210262     
  0.99969366653005842     
  0.99969357958415728     
  0.99969990157401512     
  0.99970679265955553     
  0.99970971767575101     
  0.99970926670156146     
  0.99971221656185882     
  0.99971274559278944     
  0.99971798148762048     
  0.99971570032859525     
  0.99971739938079907     
  0.99971998829753517     
  0.99972222068140582     
  0.99972567888981967     
  0.99972611252856325     
  0.99973830151435550     
  0.99973422515241595     
  0.99973307599426064     
  0.99973548180004101     
  0.99973863312900235     
  0.99974204758902019     
  0.99974225871439693     
  0.99974661664341813     
  0.99975166056214571     
  0.99974951675073953     
  0.99975386784199216     
  0.99975877276378000     
  0.99975675259054597     
  0.99976099566332355     
  0.99976445625847621     
  0.99976513315337634     
  0.99976602462393238     
  0.99977126820988360     
  0.99977414753078264     
  0.99977384577438144     
  0.99977634680062977     
  0.99977953986116219     
  0.99978249705052846     
  0.99978691247247387     
  0.99978544399419800     
  0.99979237588443226     
  0.99978966294860072     
  0.99979415560602369     
  0.99979660080648358     
  0.99979948745394331     
  0.99980251073892745     
  0.99980291419944578     
  0.99980666376479732     
  0.99980798641112756     
  0.99980904569046203     
  0.99981203407374863     
  0.99981493821043266     
  0.99981487806620706     
  0.99981891178557447     
  0.99982052080354933     
  0.99982142215231917     
  0.99982344904129050     
  0.99982613312869573     
  0.99982770572980684     
  0.99983011824206258     
  0.99983270872261620     
  0.99983276302934954     
  0.99983513287016379     
  0.99983620976634313     
  0.99983807745571696     
  0.99983960851236020     
  0.99984164892470773     
  0.99984231726531003     
  0.99984439739223063     
  0.99984533049300950     
  0.99984621304699317     
  0.99984800642905824     
  0.99984937515331396     
  0.99985055111976351     
  0.99985076562028397     
  0.99985300651815834     
  0.99985422936769552     
  0.99985576213685334     
  0.99985718427543613     
  0.99985816570106323     
  0.99985976416191280     
  0.99986062629934302     
  0.99986175554010792     
  0.99986288022799030     
  0.99986389005094445     
  0.99986517669195507     
  0.99986619308657509     
  0.99986780640762518     
  0.99986867905367927     
  0.99986985897129443     
  0.99987119233671962     
  0.99987255609861236     
  0.99987324375689468     
  0.99987488758140408     
  0.99987589963153223     
  0.99987722442095128     
  0.99987842468725319     
  0.99987978853923565     
  0.99988105260851512     
  0.99988238175224176     
  0.99988369851006809     
  0.99988505758821589     
  0.99988639032076065     
  0.99988796838473626     
  0.99988941773960960     
  0.99989076145963984     
  0.99989215938692411     
  0.99989376678468389     
  0.99989550388675497     
  0.99989702895140198     
  0.99989841819026815     
  0.99990017838157286     
  0.99990108312389836     
  0.99990368513670713     
  0.99990501470934579     
  0.99990633942328344     
  0.99990841887100856     
  0.99991028012610383     
  0.99991182382182942     
  0.99991389227828975     
  0.99991609929267522     
  0.99991787449999947     
  0.99992006965973346     
  0.99992150881119679     
  0.99992340935221513     
  0.99992570415263771     
  0.99992755125371957     
  0.99992833237183731     
  0.99993040865941829     
  0.99993218748171353     
  0.99993530714580459     
  0.99993679610643937     
  0.99993878681948445     
  0.99994077834421802     
  0.99994195252534368     
  0.99994365122529416     
  0.99994716469917577     
  0.99995034876718947     
  0.99995142610057997     
  0.99995248886984101     
  0.99995499971164103     
  0.99995618759673732     
  0.99995780773220133     
  0.99995949655254890     
  0.99996212949015639     
  0.99996166779822460     
  0.99996395985525410     
  0.99996640654298741     
  0.99997000458106555     
  0.99997090888911089     
  0.99997100127537664     
  0.99997620943215537     
  0.99997797866781246     
  0.99997824624167464     
  0.99998124436148217     
  0.99998236442393207     
  0.99998279594460371     
  0.99998509635446575     
  0.99998599543381594     
  0.99998762186256251     
  0.99998890078019365     
  0.99999120567485988     
  0.99999543020336290     
  0.99999489403821507     
  0.99999657869731351     
  0.99999507114917918     
  0.99999894486370167     
   1.0000008723905331     
   1.0000016726836378     
