   4.9971503445967116     
   3.8891471632244450     
   3.8483677797078268     
   3.9418650788611966     
   3.9456198894387255     
   3.5365724303924559     
   3.7425077472435344     
   3.5111969303053101     
   3.5255663196852343     
   3.4908499590197435     
   3.5611749873892418     
   3.3575239858905004     
   3.3319735636940249     
   3.2811652081070415     
   3.1730213163381897     
   3.0758907637627049     
   3.0180388355579115     
   2.9463945760533470     
   2.5624423863103551     
   2.4510547258237452     
   2.3679955674404880     
   2.2623502185492743     
   2.2115999291320496     
   2.1192479825497506     
   2.4104493032462528     
   2.4640267877785433     
   2.4052550510750068     
   2.3708924848440276     
   2.3353828342152010     
   2.3041963910007377     
   2.3134910671438877     
   2.3166116906535645     
   2.2294531549431333     
   2.2027484622023970     
   2.1590964882042716     
   2.1462650797381997     
   2.1044297879028395     
   1.9111721367324233     
   1.8897051220021659     
   1.9070324398392593     
   1.8971964204882550     
   1.8885830439850475     
   1.9239597209207595     
  -5.3714746578900154     
  -5.2108926183021165     
  -5.1319439071195205     
  -5.0918341898490089     
  -4.9840346556246189     
  -5.0324754364137707     
  -4.9685287733154624     
  -4.9908271229672927     
  -5.0000119524442752     
  -4.9841780465838763     
  -5.0061343901313196     
  -4.9138841829223914     
  -5.7188617865254656     
  -5.7659877574330025     
  -5.7395599251620126     
  -5.7818378083454771     
  -5.7660518192666537     
  -5.6915989512299543     
  -5.6506717432555433     
  -6.2732843522382975     
  -6.2052752782198421     
  -6.1890275711807021     
  -6.1310715557177957     
  -6.1044716703542328     
  -5.9989936290594503     
  -5.5968579096362925     
  -5.5182904350707158     
  -5.5295913892007142     
  -5.4285885261492446     
  -5.3676276716490499     
  -5.2245737318436074     
  -5.1156159685329712     
  -5.0327034305907716     
  -5.0254271883990942     
  -5.0327889724946253     
  -4.8733255949950287     
  -4.8346149546674795     
  -4.6381637857097466     
  -4.4754457233345715     
  -4.2861103257341711     
  -4.0452585169005353     
  -3.7826130756165348     
  -3.5691104843704173     
  -3.3620343844133940     
  -1.5937587602377423     
  -1.5489502731163753     
  -1.2323042051844695     
 -0.96757062088292933     
 -0.78519971325437865     
 -0.68691919818910741     
 -0.24651490199536852     
 -0.26474926565339807     
   6.4841150629279198E-002
  0.25574939524805496     
  0.38593336894742719     
  0.49238597843909782     
  0.59979507778775343     
  0.65947857589952275     
  0.77737437441436796     
  0.86343189012522004     
  0.92948908549196574     
  0.96801657241775807     
  0.89882257604096338     
   1.0321369868507055     
   1.0772010427895724     
   1.0655000487641129     
   1.1366187371633441     
   1.1984162192929562     
   1.3458919498495057     
   1.6294544186847588     
   1.7455963984184635     
   1.7702094540599980     
   1.7884584871434139     
   1.7893057509522716     
   1.7911958808722819     
   1.7934047678888745     
   1.7732424011502186     
   1.7555987135778981     
   1.8563894387579509     
   1.8474102421207732     
   1.8466390362735599     
   1.8491254449603511     
   1.8664352717754493     
   1.8941108247513796     
   1.8949329078107606     
   1.9228830297053765     
   1.9033597375642444     
   1.8934991102804242     
   1.6142973062408217     
   1.6220027593120427     
   1.6585040089425602     
   1.6678970092913126     
   1.6490672116984193     
   1.6810368704443599     
   2.2923047226377733     
   2.1866645103077138     
   2.1362398837499263     
   2.0967560442727748     
   2.1303502942622785     
   2.1078400115564468     
   2.1146857714898459     
   2.1010467519317086     
   2.0956725553738540     
   2.0660392292068321     
   2.0559376086842400     
   2.0347922568949359     
   2.0216369351938677     
   1.7498507774816954     
   1.8317162220013907     
   1.8433302140201047     
   1.9194728686457818     
   1.9780205835227438     
   1.7309547588073286     
   1.9555023862671788     
   1.9597468179049695     
   2.0007254344721459     
   2.0223859466591061     
   1.9337250933897892     
   2.0738888995032561     
   1.3937493354656976     
   1.9237117958718928     
   1.9388408083855371     
   1.9358881133013277     
   1.9277372428505648     
   1.9723178167276529     
   1.9735837995859082     
   1.9690621063158797     
   1.9799366315730165     
   1.9794855585409925     
   1.9770899606885006     
   1.9834914231428700     
   1.9860013688643772     
   1.9837632441821702     
   1.9853010898318644     
   1.9860047114665358     
   1.9868363389000727     
   1.9863603743710154     
   1.9907411675081121     
   1.9881270292371305     
   1.9908961342034281     
   1.9916087340008541     
   1.9918773198284327     
   1.9902421736918074     
   1.9917523492684044     
   1.9927627534598620     
   1.9927215177069808     
   1.9933395733088943     
   1.9936730153662641     
   1.9928880485330467     
   1.9943423999756611     
   1.9940998042390969     
   1.9943614563429541     
   1.9947014355526429     
   1.9953791734812825     
   1.9958574058963592     
   1.9953743109565227     
   1.9959030178194244     
   1.9956529393276288     
   1.9963357663444885     
   1.9960940229754165     
   1.9963713285048508     
   1.9968691193736152     
   1.9967462749876574     
   1.9969173944920016     
   1.9965465952205310     
   1.9966634915335870     
   1.9975474497089678     
   1.9972950306005615     
   1.9973777743606220     
   1.9976295388921042     
   1.9977996886737213     
   1.9976756630482706     
   1.9975000600263386     
   1.9978895163858179     
   1.9977923961035180     
   1.9980367488086337     
   1.9981670978268189     
   1.9984000900903724     
   1.9983472251290193     
   1.9982631416345811     
   1.9984641966803611     
   1.9983754201080792     
   1.9987215883130389     
   1.9985711545597784     
   1.9985444413196678     
   1.9984228717259835     
   1.9986420055322300     
   1.9989071857606548     
   1.9987273791667910     
   1.9989029885403107     
   1.9990025801001243     
   1.9989319999825401     
   1.9989662286841456     
   1.9989416158687474     
   1.9990032816236063     
   1.9991377800619832     
   1.9989774242395937     
   1.9991705328568798     
   1.9991185571342229     
   1.9991872635390529     
   1.9994559167741937     
   1.9993171632006073     
   1.9994564295868051     
   1.9994011698982739     
   1.9994954610864699     
   1.9996022705185936     
   1.9995178999514014     
   1.9994466504669788     
   1.9995419276443283     
   1.9994423830024406     
   1.9995182380224543     
   1.9994527558348878     
   1.9995718068254034     
   1.9996671966103161     
   1.9997281747624847     
   1.9997148227088761     
   1.9995709836758846     
   1.9997382780085582     
   1.9997028076782373     
   1.9997377396588618     
   1.9997506958481157     
   1.9997496617292008     
   1.9997066948093387     
   1.9998332470618294     
   1.9997410374889437     
   1.9997551944029024     
   1.9998805283745982     
   1.9998662684621653     
   1.9998039464463684     
   1.9998872343001564     
   1.9998296060944416     
   1.9998814368838778     
   1.9998655444374815     
   1.9998657461488705     
   1.9998783419683672     
   1.9998887574961319     
   1.9998990239000065     
   1.9999291282830143     
   1.9999176065305448     
   1.9999579992786245     
   1.9999410347722915     
   1.9999482488958584     
   1.9999566296210407     
   1.9999656179739969     
   1.9999611345996255     
   1.9999667121233475     
   1.9999718489657816     
   1.9999766422686651     
   1.9999808137645587     
   1.9999843960087755     
   1.9999876982875939     
   1.9999904494414498     
   1.9999927035357814     
   1.9999946289840356     
   1.9999961132088053     
   1.9999970937898535     
   1.9999976374181516     
   1.9999977633390733     
   1.9999979216178376     
   1.9999985375667038     
   1.9999995479362407     
   2.0000009950503213     
   2.0000028671932490     
   2.0000052587373371     
   2.0000080215236355     
   2.0000111897133968     
   2.0000148353374634     
   2.0000187744609264     
   2.0000231610732024     
   2.0000284274034357     
   2.0000335081678520     
   2.0000331153591739     
   2.0000453447915607     
   2.0000519440437969     
   2.0000585428784188     
   2.0000658714420090     
   2.0000741839374836     
   2.0000823334190247     
   2.0000653636035963     
   2.0000998846849329     
   2.0001093884372221     
   2.0001179019993804     
   2.0001297544930297     
   2.0001403469462158     
   2.0001489625936344     
   2.0001600055707840     
   2.0001710658308731     
   2.0001828284864693     
   2.0001814975548164     
   2.0002083909999975     
   2.0001730796345996     
   2.0001513387314525     
   2.0001549462191361     
   2.0001670599263441     
   2.0002682144331940     
   2.0001746941584990     
   2.0002406290224251     
   2.0001950980234007     
   2.0003116480674930     
   2.0002531260138685     
   2.0003333590152046     
   2.0002984002547093     
   2.0002299491865330     
   2.0003028348246552     
   2.0004097106100573     
   2.0002711919884826     
   2.0003186265732622     
   2.0003948621495820     
   2.0003054481676816     
   2.0003463560015158     
   2.0003548184924500     
   2.0003628383997372     
   2.0004429116798308     
   2.0005051044314257     
   2.0003924149225245     
   2.0004581781192243     
   2.0005640707957930     
   2.0004598670916014     
   2.0004420366415694     
   2.0005602328894785     
   2.0005713127102314     
   2.0005120115253416     
   2.0005490458942483     
   2.0005912844272826     
   2.0006253354230950     
   2.0005545979177830     
   2.0006377584472812     
   2.0006098209055310     
   2.0006418745258587     
   2.0006505743183105     
   2.0006901540014148     
   2.0006906164977352     
   2.0007169149052064     
   2.0006077612945399     
   2.0007812756623995     
   2.0007368783088673     
   2.0007451497510398     
   2.0008319452330832     
   2.0007664272166572     
   2.0007674995847640     
   2.0007838883617914     
   2.0008590618717861     
   2.0007888760150649     
   2.0008705810355334     
   2.0009343412455163     
   2.0008676650316382     
   2.0008496778634788     
   2.0009361234538954     
   2.0009228342450269     
   2.0009422126564402     
   2.0009558505103815     
   2.0009503737862460     
   2.0010119670585924     
   2.0010254378982193     
   2.0010327461432302     
   2.0010665291014824     
   2.0010658475181078     
   2.0010507225421570     
   2.0010118166548327     
   2.0011050179834680     
   2.0011555832064882     
   2.0011131050468514     
   2.0012155491605164     
   2.0011943222299955     
   2.0012232362597064     
   2.0012189468370742     
   2.0012172598480262     
   2.0012200329957697     
   2.0012199943655786     
   2.0012808322051594     
   2.0013116665378519     
   2.0012721385625749     
   2.0012835301012171     
   2.0012854785670324     
   2.0013181654420453     
   2.0013529539733752     
   2.0013739197978264     
   2.0013780582324703     
   2.0014063224246623     
   2.0013925461115551     
   2.0013976333565822     
   2.0014566929430533     
   2.0014481073816164     
   2.0014479206713638     
   2.0014440980675587     
   2.0014881210246980     
   2.0014986425975367     
   2.0015315046375868     
   2.0015213910159630     
   2.0015343772982988     
   2.0015529646610641     
   2.0015678059534583     
   2.0015802481281568     
   2.0015871903156626     
   2.0015964922764216     
   2.0015773674775375     
   2.0016080186024432     
   2.0016068536476883     
   2.0016371877829187     
   2.0016447615298354     
   2.0016693872299758     
   2.0016938892588394     
   2.0016969468720429     
   2.0016927543741980     
   2.0017102612959583     
   2.0017095413507966     
   2.0017100694691345     
   2.0017359045983802     
   2.0017330694209816     
   2.0017708687124918     
   2.0017712302331159     
   2.0017847686306460     
   2.0017966368383497     
   2.0018138255662361     
   2.0018228320687319     
   2.0018317715649725     
   2.0018484451937688     
   2.0018223276760989     
   2.0018746993191474     
   2.0018961860915070     
   2.0018974516607004     
   2.0018985066299333     
   2.0019212185821456     
   2.0019156769317625     
   2.0019281463566880     
   2.0019294489729091     
   2.0019488149109801     
   2.0019551122982158     
   2.0019722276715095     
   2.0019831729362960     
   2.0019991667644019     
   2.0020059416612059     
   2.0020189073315233     
   2.0020216414909626     
   2.0020313416981512     
   2.0020376392394486     
   2.0020369739770736     
   2.0020644118740885     
   2.0020581308743948     
   2.0020830186314060     
   2.0020776573052732     
   2.0021027615134148     
   2.0021002237205856     
   2.0021023003977181     
   2.0021219511974806     
   2.0021318896178237     
   2.0021410537559925     
   2.0021605661638802     
   2.0021676855746877     
   2.0021707695862823     
   2.0021852453654674     
   2.0022004562505487     
   2.0022037081190058     
   2.0022152179377652     
   2.0022254577745269     
   2.0022344172308006     
   2.0022468784168268     
   2.0022598657751933     
   2.0022658968275460     
   2.0022789002047343     
   2.0022950873019774     
   2.0022985973710528     
   2.0023141116023360     
   2.0023229072175681     
   2.0023306348837515     
   2.0023447530229861     
   2.0023502466722594     
   2.0023619785807174     
   2.0023672354660231     
   2.0023763304716660     
   2.0023866199543896     
   2.0023957749864039     
   2.0024050025566020     
   2.0024107285065895     
   2.0024271515713301     
   2.0024316300943266     
   2.0024375980492035     
   2.0024480946019416     
   2.0024535582366099     
   2.0024607532851597     
   2.0024704256408903     
   2.0024770794932589     
   2.0024836081811550     
   2.0024900294531358     
   2.0024962814764873     
   2.0025020545323704     
   2.0025081715760855     
   2.0025138909573981     
   2.0025195262587365     
   2.0025250120796407     
   2.0025302526329458     
   2.0025365801431620     
   2.0025408811914875     
   2.0025471242833373     
   2.0025513593042694     
   2.0025565449410383     
   2.0025596634584648     
   2.0025683741042002     
   2.0025726638065464     
   2.0025791051484347     
   2.0025842318670080     
   2.0025940266203772     
   2.0025957493999353     
   2.0026038544304647     
   2.0026123030279472     
   2.0026180472412012     
   2.0026262826958927     
   2.0026305327358882     
   2.0026406264388061     
   2.0026453149308701     
   2.0026531816790758     
   2.0026633671185303     
   2.0026737196389899     
   2.0026845762489631     
   2.0026880318762856     
   2.0026985336252281     
   2.0027088259429657     
   2.0027187791879850     
   2.0027235263123444     
   2.0027323864078088     
   2.0027402723509740     
   2.0027548666480675     
   2.0027664186327101     
   2.0027733690105780     
   2.0027946800702896     
   2.0027989320761441     
   2.0028004858331254     
   2.0028132181301643     
   2.0028316744384451     
   2.0028282930548134     
   2.0028429689780403     
   2.0028521677411000     
   2.0028629096734454     
   2.0028658668931771     
   2.0028837346221451     
   2.0028862016428919     
   2.0028926997513992     
   2.0028979939480820     
   2.0029097370336313     
   2.0029148334793287     
   2.0029199137612945     
   2.0029267324378957     
   2.0029318176397091     
   2.0029406124649709     
   2.0029382154504818     
   2.0029663269843283     
   2.0029628808718325     
   2.0029681363929628     
   2.0029682433933722     
   2.0029729121847648     
   2.0029874397961311     
   2.0029926022467075     
   2.0030040761199714     
   2.0030143902343411     
   2.0030180317246384     
   2.0030202233105356     
   2.0030284122898920     
   2.0030380273449300     
   2.0030493672965060     
   2.0030629556103587     
   2.0030657602591408     
   2.0030694533662636     
   2.0030875327896389     
   2.0030938677775332     
   2.0031024940913262     
   2.0031182425483696     
   2.0031386578513759     
   2.0031502231018248     
   2.0031632124002305     
   2.0032102747307370     
   2.0031867731795749     
   2.0032120060106373     
   2.0032298124846823     
   2.0032274443197178     
   2.0032460316813285     
   2.0032762679790261     
   2.0032789880987751     
   2.0032938260257325     
   2.0033050100280860     
   2.0033144595601691     
   2.0033365603293882     
   2.0033523200042733     
   2.0033782433489495     
   2.0034208373628211     
   2.0033942779951062     
   2.0034208275474596     
   2.0034321262823163     
   2.0034277748446359     
   2.0034310456476270     
   2.0034425040006933     
   2.0034693867945705     
   2.0034696362268498     
   2.0034931191181906     
   2.0035017303215006     
   2.0035211239799260     
   2.0035329643707680     
   2.0035217301312240     
   2.0035637991566002     
   2.0035509054207452     
   2.0035721542755809     
   2.0035582955308797     
   2.0036150881995969     
   2.0035917656029980     
   2.0036225076599976     
   2.0036558297376725     
   2.0036521308939559     
   2.0036723703685038     
   2.0037112561066710     
   2.0036898572105106     
   2.0037203914611839     
   2.0037063018611470     
   2.0037502979996420     
   2.0038119757316708     
   2.0037901128817062     
   2.0038020888881292     
   2.0037991315383010     
   2.0038651572526494     
   2.0039142918247776     
   2.0039224417871857     
   2.0039582115822854     
   2.0040209665055553     
   2.0040065497866144     
   2.0040131238434755     
   2.0040103482571032     
   2.0040901941761247     
   2.0041551523936305     
   2.0041842656356681     
   2.0041834361658299     
   2.0042271203157522     
   2.0042470269692232     
   2.0042289918277341     
   2.0042426252493719     
   2.0043475465246745     
   2.0043728381373409     
   2.0043859589966715     
   2.0044000919399889     
   2.0044236493077427     
   2.0044352134391730     
   2.0044414108585542     
   2.0045397163142278     
   2.0045242000310708     
   2.0046308945136531     
   2.0047021214442533     
   2.0047237034513525     
   2.0046782340162657     
   2.0047110886653741     
   2.0047975402555984     
   2.0048136357537842     
   2.0048996269910129     
   2.0049233481627340     
   2.0049160231764844     
   2.0049491218086994     
   2.0049776770691148     
   2.0050511626322871     
   2.0050318307756503     
   2.0051896050512381     
   2.0052067013994161     
   2.0052763824022191     
   2.0052831592806539     
   2.0053375740013948     
   2.0054997152647727     
   2.0055188912227306     
   2.0055412745407644     
   2.0055417779549849     
   2.0058538068244931     
   2.0057570533501261     
   2.0094186791434834     
   2.0095923200000083     
   2.0097372199144719     
   2.0098080849090856     
   2.0100474740827572     
   2.0103194604081160     
   2.0101017327383022     
   2.0101247097237795     
   2.0104308346712827     
   2.0105240043118791     
   2.0115000986941265     
   2.0105657573628797     
   2.0111424288015467     
   2.0111597373857286     
   2.0111922644146283     
   2.0113816275820753     
   2.0125816618073564     
   2.0126303190981849     
   2.0122550773015355     
   2.0129409697773690     
   2.0133943202014635     
   2.0133398135683587     
   2.0141502035454977     
   2.0134552562514934     
   2.0149599687606559     
   2.0166753175679650     
   2.0161749873647947     
   2.0187680902257368     
   2.0162349998475175     
   2.0189846821008128     
   2.0169148269697237     
   2.0175504372049149     
   2.0215783146593154     
   2.0196299442830377     
   2.0189205306761870     
   2.0220608362898869     
   2.0203225927239981     
   2.0245442860700749     
   2.0314472070517038     
   2.0333154494053871     
   2.0316932857104124     
   2.0422025794752123     
   2.0425162836230228     
   2.0559905799520060     
   2.0403196804317880     
   2.0588589078313029     
   2.2277473084629387     
   2.2297843566269719     
   2.4585639233345606     
   2.2552744153076478     
   2.0357104815098683     
   2.0023095452108084     
   2.0037611751039233     
   2.0702335408442076     
   2.0003692776266195     
   2.0002992907559047     
   2.0003124992217316     
   2.0002612485084565     
   2.0003566698254249     
   2.0001814702843514     
   2.0001581797997119     
   2.0001835209480525     
   2.0001555836762535     
   2.0001293322637146     
   2.0001228492066452     
   2.0001268717976330     
   2.0001065838589547     
   2.0001182510214566     
   2.0000868299185228     
   2.0000728564933530     
   2.0000908733302039     
   2.0000767213611255     
   2.0000612041563652     
   2.0000686035254391     
   2.0000431528851266     
   2.0000512038127543     
   2.0000456811443463     
   2.0000437690464112     
   2.0000471278378722     
   2.0000430968318130     
   2.0000326435873719     
   2.0000284601169120     
   2.0000243545287901     
   2.0000240377622944     
   2.0000246046489814     
   2.0000194204415376     
   2.0000163071148265     
   2.0000151860577340     
   2.0000129929131578     
   2.0000117806178359     
   2.0000113647619018     
   2.0000104964247680     
   2.0000090861000679     
   2.0000069826983964     
   2.0000078561087786     
   2.0000069010750678     
   2.0000063985182388     
   2.0000047888512409     
   2.0000041847561452     
   2.0000036677798079     
   2.0000026427695170     
   2.0000022912467896     
   2.0000025165993671     
   2.0000008118433570     
   2.0000003431017914     
   2.0000001551575544     
   1.9999990345512062     
   1.9999983406357122     
   1.9999976333690093     
   1.9999965942563414     
   1.9999960939935590     
   1.9999952552974705     
   1.9999945125772163     
   1.9999938858797996     
   1.9999929483911885     
   1.9999926194661928     
   1.9999923852395884     
   1.9999919738926248     
   1.9999907394780454     
   1.9999907012069968     
   1.9999907327262347     
   1.9999903859733301     
   1.9999899948430890     
   1.9999902616112788     
   1.9999895751742773     
   1.9999901061051091     
   1.9999897651452470     
   1.9999894693226548     
   1.9999894425125291     
   1.9999905621095699     
   1.9999902239047316     
   1.9999899235118415     
   1.9999912009980996     
   1.9999920687991164     
   1.9999910922847661     
   1.9999936655590052     
   1.9999923976400211     
   1.9999937301887822     
   1.9999930464215829     
   1.9999941945374786     
   1.9999944993763483     
   1.9999948227867890     
   1.9999959100580078     
   1.9999975987594247     
   1.9999981535950084     
   1.9999980807772104     
   1.9999989493307573     
   1.9999998367934833     
   1.9999997840077075     
   2.0000000443237127     
   2.0000008039842356     
   2.0000012929471431     
   2.0000014558822734     
   2.0000017611323155     
   2.0000015479816962     
   2.0000018232866328     
   2.0000025060966049     
   2.0000024545322255     
   2.0000027064860246     
   2.0000033027900486     
   2.0000029158982979     
   2.0000037491291205     
   2.0000035265554477     
   2.0000036404698509     
   2.0000037618941064     
   2.0000036450118728     
   2.0000033757144422     
   2.0000034481010491     
   2.0000034862681222     
   2.0000034313742465     
   2.0000035507670404     
   2.0000033308849936     
   2.0000033076114492     
   2.0000033135779098     
   2.0000032026693546     
   2.0000031015114992     
   2.0000029052201214     
   2.0000027438795644     
   2.0000025631845482     
   2.0000023202581323     
   2.0000021368256373     
   2.0000018877662864     
   2.0000016835920569     
   2.0000014136812636     
   2.0000011489387290     
   2.0000009107555652     
   2.0000006611506773     
   2.0000003869657359     
   2.0000001221076609     
   1.9999998202091582     
   1.9999994880535716     
   1.9999991278998390     
   1.9999987499025540     
   1.9999983814006566     
   1.9999980315207129     
   1.9999977284323922     
   1.9999974742053581     
   1.9999971544273620     
   1.9999969199862813     
   1.9999966725917613     
   1.9999965073095467     
   1.9999962853705551     
   1.9999961590492195     
   1.9999959649804939     
   1.9999958030864411     
   1.9999957405880160     
   1.9999953733466649     
   1.9999956120118156     
   1.9999955936430425     
   1.9999956793382925     
   1.9999956885080756     
   1.9999960478127949     
   1.9999961466561391     
   1.9999963274289447     
   1.9999967255575690     
   1.9999964600601920     
   1.9999965527815373     
   1.9999969076953974     
   1.9999980176337004     
   1.9999985395186215     
   1.9999988991253392     
   1.9999995217528141     
   2.0000000736729890     
   1.9999999258181722     
   2.0000006597641256     
   2.0000019103520010     
   2.0000015945279497     
   2.0000027561707112     
   2.0000033745610750     
   2.0000038501994122     
   2.0000045064794776     
   2.0000029537493678     
   2.0000047676925217     
   2.0000040106984436     
   2.0000064395670467     
   2.0000067469744338     
   2.0000076070529218     
   2.0000073865259171     
   2.0000109091134046     
   2.0000086882159698     
   2.0000113540777380     
   2.0000097593693731     
   2.0000135926126035     
   2.0000124607354826     
   2.0000112583161851     
   2.0000141498887398     
   2.0000144511455780     
   2.0000169915813721     
   2.0000165163861414     
   2.0000157982035258     
   2.0000156947389538     
   2.0000195651847914     
   2.0000169216287307     
   2.0000192059266730     
   2.0000187785058818     
   2.0000189485094282     
   2.0000205334977572     
   2.0000213188858460     
   2.0000205181284763     
   2.0000223158279447     
   2.0000225347628371     
   2.0000253581550700     
   2.0000229591481475     
   2.0000258938656259     
   2.0000264443949325     
   2.0000230766560492     
   2.0000264582158156     
   2.0000282665212374     
   2.0000280828929107     
   2.0000272639930046     
   2.0000294686201627     
   2.0000285239755460     
   2.0000289406842846     
   2.0000298029829260     
   2.0000302069175167     
   2.0000306191200412     
   2.0000316889343184     
   2.0000314013523512     
   2.0000331859199605     
   2.0000330273153004     
   2.0000337204831915     
   2.0000340653497037     
   2.0000344273013422     
   2.0000331970216934     
   2.0000324197587709     
   2.0000336292735668     
   2.0000337506975363     
   2.0000356286756134     
   2.0000363104392722     
   2.0000375365714085     
   2.0000370860011820     
   2.0000358597142061     
   2.0000373988204005     
   2.0000368819131351     
   2.0000374651606529     
   2.0000382982879166     
   2.0000395313087989     
   2.0000397373996339     
   2.0000408149381208     
   2.0000402608204420     
   2.0000410835742271     
   2.0000406033377995     
   2.0000417025010080     
   2.0000439946305093     
   2.0000435303142430     
   2.0000444444685579     
   2.0000443672448487     
   2.0000469553484397     
   2.0000482295520214     
   2.0000486361009209     
   2.0000508104247015     
   2.0000505564357880     
   2.0000505981537273     
   2.0000525498427923     
   2.0000541834271708     
   2.0000543839502107     
   2.0000565442587130     
   2.0000571097934809     
   2.0000573419026555     
   2.0000583415744213     
   2.0000596715546060     
   2.0000606775762542     
   2.0000628528853452     
   2.0000630900278789     
   2.0000649502721668     
   2.0000642865338349     
   2.0000663554508780     
   2.0000660074017294     
   2.0000677221613081     
   2.0000671272591823     
   2.0000692346392102     
   2.0000699489977047     
   2.0000696045723720     
   2.0000709899546969     
   2.0000718357280061     
   2.0000725146759644     
   2.0000729742089760     
   2.0000731602642814     
   2.0000740033775344     
   2.0000751801168306     
   2.0000767856682131     
   2.0000774575354008     
   2.0000765298271812     
   2.0000780775003832     
   2.0000786678031166     
   2.0000788427636049     
   2.0000790156984962     
   2.0000799255802146     
   2.0000807596164867     
   2.0000810962562205     
   2.0000817311792791     
   2.0000821235918700     
   2.0000829295468288     
   2.0000829336181418     
   2.0000842396820886     
   2.0000844575143861     
   2.0000847842759200     
   2.0000857407186068     
   2.0000863889683345     
   2.0000874968268540     
   2.0000875270403995     
   2.0000884150514757     
   2.0000891626059456     
   2.0000890373686673     
   2.0000899482398382     
   2.0000899684868010     
   2.0000903680886140     
   2.0000910860843106     
   2.0000920593733902     
   2.0000925230196387     
   2.0000930237746397     
   2.0000930774967767     
   2.0000935473659283     
   2.0000941258178617     
   2.0000947796912527     
   2.0000949263623067     
   2.0000957863308795     
   2.0000958582726218     
   2.0000965475432491     
   2.0000972499409357     
   2.0000976978391432     
   2.0000981328682972     
   2.0000985427015356     
   2.0000990970843300     
   2.0000997328900496     
   2.0000996906657740     
   2.0001004683870471     
   2.0001011320206596     
   2.0001014794467409     
   2.0001018972340443     
   2.0001023447955220     
   2.0001028312103664     
   2.0001031597455743     
   2.0001035229878958     
   2.0001039103389768     
   2.0001045649041007     
   2.0001047877826128     
   2.0001050871108976     
   2.0001054276123860     
   2.0001058285133198     
   2.0001061291850242     
   2.0001064164560791     
   2.0001067193054829     
   2.0001069663546005     
   2.0001072857573501     
   2.0001075647767625     
   2.0001076697823139     
   2.0001078757106896     
   2.0001080037766688     
   2.0001081739994504     
   2.0001083024889201     
   2.0001084226785597     
   2.0001085559852472     
   2.0001086865952162     
   2.0001088393986599     
   2.0001089600802580     
   2.0001090994912456     
   2.0001092524118409     
   2.0001094314382115     
   2.0001095233155546     
   2.0001097959494949     
   2.0001101088263429     
   2.0001102216773514     
   2.0001103906516953     
   2.0001105999080808     
   2.0001109472497554     
   2.0001112235074818     
   2.0001113970811417     
   2.0001116468875133     
   2.0001119573559425     
   2.0001121075742319     
   2.0001124467834694     
   2.0001125680322769     
   2.0001127615194108     
   2.0001132475381684     
   2.0001134082173202     
   2.0001137969498828     
   2.0001139040349498     
   2.0001141780387450     
   2.0001143210612162     
   2.0001146165899186     
   2.0001146723762666     
   2.0001149112631884     
   2.0001149158966189     
   2.0001151222044236     
   2.0001150458091335     
   2.0001149584667699     
   2.0001149136675513     
   2.0001146694792808     
   2.0001150004029791     
   2.0001147974843283     
   2.0001144226536915     
   2.0001145508255114     
   2.0001139454922221     
   2.0001140512765403     
   2.0001138107568099     
   2.0001136704617171     
   2.0001133352939249     
   2.0001131286490796     
   2.0001127327254862     
   2.0001128322985622     
   2.0001125914864151     
   2.0001125718333039     
   2.0001122836106457     
   2.0001122156342865     
   2.0001118261601309     
   2.0001119798414226     
   2.0001120062964404     
   2.0001123906141434     
   2.0001123390206175     
   2.0001124671341262     
   2.0001126461111092     
   2.0001131795649232     
   2.0001132418440335     
   2.0001131417256728     
   2.0001137012165993     
   2.0001141097888642     
   2.0001147467256324     
   2.0001154484500105     
   2.0001156882547129     
   2.0001162830995534     
   2.0001166076018784     
   2.0001169668361101     
   2.0001172148875899     
   2.0001173674219839     
   2.0001184032450752     
   2.0001185447406167     
   2.0001189395473817     
   2.0001198961532944     
   2.0001202223330381     
   2.0001208845114427     
   2.0001214889820247     
   2.0001218471444346     
   2.0001227454258164     
   2.0001229221644001     
   2.0001235946466043     
   2.0001238528424476     
   2.0001245360491424     
   2.0001247663296944     
   2.0001259431450471     
   2.0001261863740112     
   2.0001264398463228     
   2.0001268307591484     
   2.0001272385644508     
   2.0001282238884257     
   2.0001292773010979     
   2.0001294433548704     
   2.0001293324576750     
   2.0001307792116467     
   2.0001307224177260     
   2.0001315747991937     
   2.0001321105892389     
   2.0001323957753363     
   2.0001335297952298     
   2.0001336990412515     
   2.0001339158363152     
   2.0001348814359581     
   2.0001359534912413     
   2.0001351285369182     
   2.0001360506168080     
   2.0001375711109071     
   2.0001369582276385     
   2.0001378878038225     
   2.0001385791225772     
   2.0001410790547993     
   2.0001398501656684     
   2.0001403125738566     
   2.0001414057767848     
   2.0001406730134725     
   2.0001417688603844     
   2.0001430580352864     
   2.0001454474126170     
   2.0001460504616704     
   2.0001460643379971     
   2.0001481793866152     
   2.0001484504796707     
   2.0001484853983591     
   2.0001485825545551     
   2.0001500238290131     
   2.0001527600330080     
   2.0001532540251494     
   2.0001525722191289     
   2.0001546742007879     
   2.0001553672326455     
   2.0001563702131335     
   2.0001571844047401     
   2.0001604197808884     
   2.0001603240807100     
   2.0001606706864479     
   2.0001616760616230     
   2.0001613737417143     
   2.0001637373765506     
   2.0001646806299949     
   2.0001652166545920     
   2.0001668451408503     
   2.0001676182056713     
   2.0001666766544197     
   2.0001681869891499     
   2.0001697378633438     
   2.0001695132902206     
   2.0001721765858518     
   2.0001722694888038     
   2.0001728205051457     
   2.0001722720191744     
   2.0001736597186373     
   2.0001725099728347     
   2.0001774263142060     
   2.0001775738659440     
   2.0001796245599812     
   2.0001807272314949     
   2.0001808860755226     
   2.0001809573262115     
   2.0001812806136803     
   2.0001851448999055     
   2.0001855692234942     
   2.0001871790982442     
   2.0001882654421070     
   2.0001917995252221     
   2.0001889699918323     
   2.0001884324655137     
   2.0001892510039649     
   2.0001931217533695     
   2.0001971366887190     
   2.0001979168808859     
   2.0002029725980073     
   2.0002034818771839     
   2.0002065060541057     
   2.0002147524071550     
   2.0002098954486893     
   2.0002149820928370     
   2.0002225645634120     
   2.0002241254029727     
   2.0002207466548771     
   2.0002288286271721     
   2.0002325236141871     
   2.0002333025721502     
   2.0002392462475473     
   2.0002472387039862     
   2.0002435266418246     
   2.0002496588716880     
   2.0002530619893282     
   2.0002595933572636     
   2.0002672109066442     
   2.0002586468322150     
   2.0002747019088840     
   2.0002760734647285     
   2.0002757633874619     
   2.0002807191476801     
   2.0002920893508911     
   2.0002822215762777     
   2.0003109041372795     
   2.0003043268816718     
   2.0003179529946387     
   2.0003332675653986     
   2.0003562352872013     
   2.0003302078975533     
   2.0003564540094789     
   2.0003483506816577     
   2.0003608734652829     
   2.0003912446201717     
   2.0003562510802326     
   2.0004232133147539     
   2.0004056147211227     
   2.0004019789330929     
   2.0004418841109022     
   2.0004282836300149     
   2.0005021084288450     
   2.0004461717413289     
   2.0004570595699978     
   2.0004699916289708     
   2.0004812861567816     
   2.0005354003805338     
   2.0005869616268734     
   2.0006480869546515     
   2.0006654358615767     
   2.0005806585596293     
   2.0006629721301401     
   2.0008303795769535     
   2.0011636843473504     
   2.0008903441960193     
   2.0009761213371009     
   2.0010927193308570     
   2.0012074565312341     
   2.0009655683887977     
   2.0011173306505103     
   2.0022413494427500     
   2.0045247680869380     
   2.0015625401084023     
   1.9929292910532013     
   1.9597013936488725     
   1.9935748564824245     
   1.9927667135018314     
   2.0263397556747602     
   1.9985250045380170     
   1.9984469470309634     
   1.9991715970752217     
   1.9984533758041181     
   1.9989733987233507     
   1.9988547832700183     
   1.9992935717351017     
   1.9990127334922754     
   1.9992648142296048     
   1.9993156083206856     
   1.9994731235115921     
   1.9994764310696063     
   1.9996014556978832     
   1.9995027542950865     
   1.9996739964176109     
   1.9995562059004133     
   1.9996555570569257     
   1.9997129204498205     
   1.9997245696370225     
   1.9996935183795603     
   1.9996864626896897     
   1.9996949162317605     
   1.9997677641908922     
   1.9997040062631459     
   1.9997656984631949     
   1.9997813173411547     
   1.9998223325326334     
   1.9997888440521903     
   1.9997956720336258     
   1.9998446322374290     
   1.9998247780620777     
   1.9998405875656218     
   1.9998451177635257     
   1.9998426853897371     
   1.9998452448740878     
   1.9998555592331968     
   1.9998561436013969     
   1.9998559818798176     
   1.9998849289350851     
   1.9998834295453589     
   1.9998735682762057     
   1.9998790121119931     
   1.9998926081831687     
   1.9998910813944626     
   1.9998928328132279     
   1.9998948574909972     
   1.9999076033880705     
   1.9999009271546431     
   1.9999156943508911     
   1.9999028167410184     
   1.9999137823032385     
   1.9999169303143862     
   1.9999207600450788     
   1.9999292580202361     
   1.9999266047299606     
   1.9999127525909906     
   1.9999236372968072     
   1.9999273677551375     
   1.9999177902940914     
   1.9999327482317231     
   1.9999274266901033     
   1.9999403721007578     
   1.9999305320811391     
   1.9999380821994110     
   1.9999352401142598     
   1.9999472252789481     
   1.9999514863884156     
   1.9999357925163341     
   1.9999428511035227     
   1.9999463882519724     
   1.9999516620517106     
   1.9999549713608165     
   1.9999567652885428     
   1.9999524291297845     
   1.9999556060332484     
   1.9999578562921361     
   1.9999582943563858     
   1.9999574864276477     
   1.9999585380160347     
   1.9999662717688760     
   1.9999619851846866     
   1.9999618756811071     
   1.9999587828070808     
   1.9999676736142025     
   1.9999617108228014     
   1.9999708554197237     
   1.9999670277779136     
   1.9999697918548431     
   1.9999695906194401     
   1.9999788958072902     
   1.9999792874333258     
   1.9999712532294165     
   1.9999781829804260     
   1.9999761759948225     
   1.9999766075678131     
   1.9999865288258274     
   1.9999786095771572     
   1.9999844202747550     
   1.9999899110115029     
   1.9999829874640307     
   1.9999840757351617     
   1.9999853052502710     
   1.9999907460690380     
   1.9999895700770978     
   1.9999924166140755     
   1.9999899304403872     
   1.9999946614910185     
   1.9999920466182743     
   1.9999929439472446     
   1.9999976551041847     
   1.9999983940685233     
   1.9999956489920316     
   1.9999965084589553     
   1.9999972709129512     
   1.9999982822035616     
   1.9999988829134132     
   1.9999992994212246     
   1.9999998638885792     
   2.0000013929664422     
   2.0000009605199516     
   2.0000014173131317     
   2.0000018626813674     
   2.0000022225401950     
   2.0000025538423563     
   2.0000028609632103     
   2.0000031002894527     
   2.0000032358458046     
   2.0000033531674521     
   2.0000034897950005     
   2.0000035887474006     
   2.0000035470008521     
   2.0000035363156434     
   2.0000034432275129     
   2.0000034080555302     
   2.0000033254322012     
   2.0000031874885371     
   2.0000030310714934     
   2.0000029031699533     
   2.0000026704114040     
   2.0000024488391652     
   2.0000022413804017     
   2.0000020024025567     
   2.0000018605131595     
   2.0000017291160348     
   2.0000016115010002     
   2.0000015043116797     
   2.0000013661200953     
   2.0000012707452051     
   2.0000008749370126     
   2.0000012204078459     
   2.0000005249667652     
   2.0000011926699628     
   2.0000011957946526     
   2.0000005593851924     
   2.0000013736044644     
   2.0000008075745619     
   2.0000016560830840     
   2.0000018326431075     
   2.0000020281561959     
   2.0000020130322316     
   2.0000024378020118     
   2.0000027140490584     
   2.0000030114064025     
   2.0000018698128361     
   2.0000036153440472     
   2.0000039934118448     
   2.0000043423673306     
   2.0000030104756101     
   2.0000052324829412     
   2.0000048880911514     
   2.0000040030461257     
   2.0000069273427901     
   2.0000059648043615     
   2.0000026830615401     
   2.0000088329250199     
   2.0000095552392496     
   2.0000060470236694     
   2.0000052516714018     
   2.0000117341116876     
   2.0000095710847088     
   2.0000135721405963     
   2.0000145807681990     
   2.0000115124649600     
   2.0000134651583696     
   2.0000146504473015     
   2.0000175519993775     
   2.0000168462440762     
   2.0000205297500053     
   2.0000181687112661     
   2.0000205647875831     
   2.0000207368607494     
   2.0000183113676826     
   2.0000271827227545     
   2.0000179251726369     
   2.0000222431629435     
   2.0000265651344300     
   2.0000274702749792     
   2.0000225098672590     
   2.0000227857010113     
   2.0000314699893966     
   2.0000307943121935     
   2.0000313663772964     
   2.0000329435816262     
   2.0000348471942893     
   2.0000364757655946     
   2.0000348097121607     
   2.0000388567579535     
   2.0000344911670336     
   2.0000401732004995     
   2.0000423054983347     
   2.0000388269130678     
   2.0000426296185196     
   2.0000420481809691     
   2.0000479634027002     
   2.0000507624070654     
   2.0000508567210460     
   2.0000507172977837     
   2.0000519782274302     
   2.0000486509864395     
   2.0000504040245719     
   2.0000520797374230     
   2.0000547730300973     
   2.0000554433752082     
   2.0000578697203917     
   2.0000570754529363     
   2.0000603522272709     
   2.0000584722223334     
   2.0000630250488367     
   2.0000602783885686     
   2.0000604884085682     
   2.0000654724137767     
   2.0000628615809992     
   2.0000637203514842     
   2.0000651474989226     
   2.0000688361959025     
   2.0000656157176779     
   2.0000687747024521     
   2.0000679635902934     
   2.0000691664937822     
   2.0000721078943871     
   2.0000716028410848     
   2.0000711347679276     
   2.0000722045618300     
   2.0000737142375655     
   2.0000746751987291     
   2.0000693638818303     
   2.0000763357988536     
   2.0000749943928682     
   2.0000757668375009     
   2.0000764717653237     
   2.0000787859989266     
   2.0000777649537254     
   2.0000798174386389     
   2.0000806050900799     
   2.0000808095181313     
   2.0000798434944365     
   2.0000859697914501     
   2.0000859965359759     
   2.0000849392765350     
   2.0000868741437117     
   2.0000849969094823     
   2.0000886640467028     
   2.0000867663255786     
   2.0000906372196994     
   2.0000913747442803     
   2.0000917014827273     
   2.0000935683084471     
   2.0000926148550100     
   2.0000956920876156     
   2.0000944765568960     
   2.0000977855340896     
   2.0000994419409057     
   2.0000988821069630     
   2.0001016300648899     
   2.0001025394522784     
   2.0001014443034322     
   2.0001032371628504     
   2.0001051511898362     
   2.0001064631998977     
   2.0001071941182129     
   2.0001095066728150     
   2.0001111716489319     
   2.0001117040721375     
   2.0001120127406815     
   2.0001128145349725     
   2.0001137258027626     
   2.0001152717493857     
   2.0001163012401442     
   2.0001173455106893     
   2.0001181730346396     
   2.0001201872181884     
   2.0001209222858556     
   2.0001215579625855     
   2.0001219402800157     
   2.0001228574067711     
   2.0001246457055841     
   2.0001242281297138     
   2.0001257010803579     
   2.0001269583996759     
   2.0001274373963458     
   2.0001293629568000     
   2.0001307529226366     
   2.0001303135659945     
   2.0001321212497842     
   2.0001324290249833     
   2.0001342927763943     
   2.0001343465944981     
   2.0001357638584878     
   2.0001366994732424     
   2.0001378124825395     
   2.0001379762115299     
   2.0001391135364637     
   2.0001402469256355     
   2.0001409062630255     
   2.0001415230784527     
   2.0001433543827787     
   2.0001439594704067     
   2.0001444798882861     
   2.0001449363367150     
   2.0001457252100447     
   2.0001468561893940     
   2.0001474415455238     
   2.0001482569901494     
   2.0001486462703646     
   2.0001498683774774     
   2.0001503046166142     
   2.0001508408241451     
   2.0001517350476785     
   2.0001517763985888     
   2.0001522254039621     
   2.0001526679603683     
   2.0001533676560594     
   2.0001531719773968     
   2.0001540701836689     
   2.0001550919826374     
   2.0001551777329958     
   2.0001558172376406     
   2.0001559956459793     
   2.0001567990627134     
   2.0001567291888076     
   2.0001576453644510     
   2.0001580612544672     
   2.0001586858473237     
   2.0001592811790672     
   2.0001593965414419     
   2.0001598460291610     
   2.0001607104261350     
   2.0001613217147973     
   2.0001616805415288     
   2.0001625603765083     
   2.0001633938162913     
   2.0001637916607482     
   2.0001650545957883     
   2.0001657625870113     
   2.0001664495034066     
   2.0001675801841170     
   2.0001683805929495     
   2.0001693792182174     
   2.0001703105199269     
   2.0001712861347798     
   2.0001723629555386     
   2.0001733825715320     
   2.0001745201465742     
   2.0001755124111984     
   2.0001765746384645     
   2.0001777320158887     
   2.0001788131353440     
   2.0001799056999676     
   2.0001809842264935     
   2.0001820645049353     
   2.0001831009366366     
   2.0001841538036116     
   2.0001851185908661     
   2.0001861960499330     
   2.0001869284082208     
   2.0001880518391073     
   2.0001889813698313     
   2.0001897259529837     
   2.0001904042097216     
   2.0001913923392021     
   2.0001923334739740     
   2.0001932252518930     
   2.0001939301682157     
   2.0001946640101576     
   2.0001954988288464     
   2.0001964347095882     
   2.0001969032025695     
   2.0001980884191539     
   2.0001984358102245     
   2.0001992866021969     
   2.0001999722805976     
   2.0002008072995316     
   2.0002017094290974     
   2.0002032351355234     
   2.0002035539124501     
   2.0002045623730034     
   2.0002054662674507     
   2.0002062667130325     
   2.0002069677366077     
   2.0002086602050611     
   2.0002093933640896     
   2.0002099442866434     
   2.0002113447809595     
   2.0002119772489326     
   2.0002132029466804     
   2.0002145048475732     
   2.0002151323708066     
   2.0002165715998146     
   2.0002169960678220     
   2.0002181414888756     
   2.0002191400632192     
   2.0002196284553815     
   2.0002210828111853     
   2.0002230754856951     
   2.0002231155341352     
   2.0002235190752442     
   2.0002242126708203     
   2.0002252966927720     
   2.0002253648037502     
   2.0002263823573028     
   2.0002276934586964     
   2.0002275970357326     
   2.0002278824462270     
   2.0002285835391831     
   2.0002300603843057     
   2.0002288644324508     
   2.0002304975066227     
   2.0002310416701956     
   2.0002303800461192     
   2.0002319560042334     
   2.0002321576133300     
   2.0002320241208196     
   2.0002335671783427     
   2.0002338112234361     
   2.0002337916128883     
   2.0002335382788008     
   2.0002342033567810     
   2.0002349414869913     
   2.0002357020095687     
   2.0002361067719727     
   2.0002373849909239     
   2.0002381974163326     
   2.0002387948677960     
   2.0002393478257066     
   2.0002396098120756     
   2.0002407465245557     
   2.0002422392328114     
   2.0002432147362139     
   2.0002441476436541     
   2.0002435394273608     
   2.0002473296845293     
   2.0002466912570238     
   2.0002492159957246     
   2.0002484364149833     
   2.0002519548098512     
   2.0002524771842785     
   2.0002516875044840     
   2.0002545184592653     
   2.0002570474554311     
   2.0002582697166940     
   2.0002600921764646     
   2.0002622646571133     
   2.0002618778839443     
   2.0002624972773160     
   2.0002636144647719     
   2.0002675382661268     
   2.0002689732971497     
   2.0002695065062031     
   2.0002729035283968     
   2.0002730496997954     
   2.0002753803262987     
   2.0002751390573508     
   2.0002796887437153     
   2.0002797777692471     
   2.0002804933028742     
   2.0002855256240766     
   2.0002862370566579     
   2.0002847670698234     
   2.0002880549192454     
   2.0002869632263343     
   2.0002904824603140     
   2.0002934022281824     
   2.0002967043596591     
   2.0002946339143470     
   2.0002965203235465     
   2.0002984931717318     
   2.0003030188769646     
   2.0003014910281873     
   2.0003047576505200     
   2.0003036504647689     
   2.0003060591862614     
   2.0003086218330357     
   2.0003100656231609     
   2.0003099705493694     
   2.0003136175966318     
   2.0003154682739854     
   2.0003150912509007     
   2.0003200661179115     
   2.0003240855784554     
   2.0003228102918307     
   2.0003271179221400     
   2.0003311444708549     
   2.0003308176726886     
   2.0003323609226449     
   2.0003419524430823     
   2.0003362493678249     
   2.0003383005951321     
   2.0003389272739840     
   2.0003456056447781     
   2.0003450805162117     
   2.0003545442436046     
   2.0003491356583893     
   2.0003569427035908     
   2.0003522019799300     
   2.0003580794636822     
   2.0003585013719767     
   2.0003611133895758     
   2.0003617107308393     
   2.0003713841563044     
   2.0003695777199528     
   2.0003689915956642     
   2.0003702854653196     
   2.0003724394018576     
   2.0003767265501562     
   2.0003797472899638     
   2.0003812085347015     
   2.0003924126553709     
   2.0003912773122572     
   2.0003973240266184     
   2.0003907317902119     
   2.0003970794695007     
   2.0004055031781718     
   2.0003947742438069     
   2.0004040491752502     
   2.0004006997151578     
   2.0004093145011019     
   2.0004143079424148     
   2.0004291383878510     
   2.0004308215130733     
   2.0004411840289791     
   2.0004392211538629     
   2.0004382896065458     
   2.0004450190144567     
   2.0004561350164360     
   2.0004687216852988     
   2.0004491294516855     
   2.0004604661896019     
   2.0004679778874888     
   2.0004818799825217     
   2.0004892454752441     
   2.0005042722188691     
   2.0004910764323176     
   2.0005145010632397     
   2.0005294493419425     
   2.0005183322159183     
   2.0005499575063084     
   2.0005779511124793     
   2.0005336040877175     
   2.0005631512247941     
   2.0005985950236127     
   2.0005982956726314     
   2.0006110919814795     
   2.0006655238134439     
   2.0006335366307511     
   2.0006863857063575     
   2.0006917161369895     
   2.0007047025461659     
   2.0007197281735856     
   2.0006831428203302     
   2.0007368060825854     
   2.0008294822539359     
   2.0007478395051734     
   2.0008017812799670     
   2.0008150829090052     
   2.0008666895117564     
   2.0008964396520224     
   2.0010213309924794     
   2.0010374101454911     
   2.0010321665623714     
   2.0009471761947175     
   2.0016329715969814     
   2.0011913871535958     
   2.0011087033745198     
   2.0013033752377565     
   2.0016394874378909     
   2.0013563381181481     
   2.0015607299860090     
   2.0022297053927645     
   2.0016108291892047     
   2.0039721004763464     
   2.0022502523072383     
   2.0025210750531617     
   2.0028793114617685     
   2.0555135881337012     
   2.0056391624081531     
   2.0081285409250711     
   1.9912719506198080     
   1.9832838033117799     
   1.9954709046548604     
   1.9934515841907832     
   1.9963912552716514     
   1.9963058034802099     
   1.9950424397187607     
   1.9959016158650602     
   1.9975866586497215     
   1.9983099347727489     
   1.9988585473236018     
   1.9986561444588737     
   1.9987886659061385     
   1.9989488947070775     
   1.9989223929966329     
   1.9987246044591682     
   1.9988131465551986     
   1.9992996250776445     
   1.9990888271897012     
   1.9990328150315992     
   1.9993888188295692     
   1.9992741964268834     
   1.9993702392513946     
   1.9994396465666924     
   1.9993860838873481     
   1.9994455875478785     
   1.9994772063308375     
   1.9995213080568384     
   1.9995763607973291     
   1.9995997928092670     
   1.9996206989169147     
   1.9996321974613132     
   1.9996713084277786     
   1.9996727777450645     
   1.9996689798271969     
   1.9997047781182786     
   1.9997264528429568     
   1.9997633667190993     
   1.9997568840537383     
   1.9997206773378871     
   1.9997708285270539     
   1.9997761056590626     
   1.9997385134815460     
   1.9997753492070096     
   1.9998064133415934     
   1.9998035998634229     
   1.9998272451086585     
   1.9998124130077541     
   1.9998076691220490     
   1.9998586568258343     
   1.9998281014039259     
   1.9998175801948532     
   1.9998276363820331     
   1.9998687333653140     
   1.9998478953069529     
   1.9998797620436131     
   1.9998741265506896     
   1.9998613255513913     
   1.9998737391724948     
   1.9998804802255137     
   1.9998760154310684     
   1.9998949939557598     
   1.9998978640616834     
   1.9998846631643872     
   1.9998938538650588     
   1.9998967407189872     
   1.9998966119331465     
   1.9998948707297508     
   1.9998991400844321     
   1.9999187690521083     
   1.9999216504986848     
   1.9999063639153789     
   1.9999109026881783     
   1.9999244316410394     
   1.9999090448291670     
   1.9999314427714943     
   1.9999235275198686     
   1.9999244474730116     
   1.9999141295789302     
   1.9999397017560279     
   1.9999210767276727     
   1.9999367021497463     
   1.9999484445911917     
   1.9999424885221035     
   1.9999472485339105     
   1.9999495513721772     
   1.9999415884588956     
   1.9999451547487146     
   1.9999429615923088     
   1.9999598201527551     
   1.9999532382891037     
   1.9999410306099250     
   1.9999659170737136     
   1.9999623855383000     
   1.9999624811727648     
   1.9999653914270183     
   1.9999622297970343     
   1.9999643095520376     
   1.9999644572993756     
   1.9999733461480096     
   1.9999716007315751     
   1.9999652706610416     
   1.9999642629600611     
   1.9999775961562314     
   1.9999742691001927     
   1.9999756717155277     
   1.9999788169937176     
   1.9999749365594752     
   1.9999815621289194     
   1.9999784794560140     
   1.9999844504809703     
   1.9999835557245493     
   1.9999828880673896     
   1.9999904750979596     
   1.9999861164461716     
   1.9999900137579010     
   1.9999894285922828     
   1.9999907800226033     
   1.9999922247382003     
   1.9999936292031926     
   1.9999973797054302     
   1.9999972786101630     
   1.9999978277722299     
   1.9999984417777137     
   1.9999995351157285     
   2.0000015869379641     
   2.0000014992255641     
   2.0000023962175533     
   2.0000031506010654     
   2.0000038888788083     
   2.0000045656212180     
   2.0000051332490103     
   2.0000056733963070     
   2.0000061339459800     
   2.0000067856311503     
   2.0000068259612895     
   2.0000071398714354     
   2.0000074092259736     
   2.0000075846786913     
   2.0000076800162123     
   2.0000077000394789     
   2.0000077218523220     
   2.0000076108123706     
   2.0000074961338736     
   2.0000072886785603     
   2.0000071869525060     
   2.0000070859038956     
   2.0000069095365642     
   2.0000067911029387     
   2.0000067488269888     
   2.0000066355082433     
   2.0000065704180088     
   2.0000064392708419     
   2.0000060225610543     
   2.0000061736091332     
   2.0000062504878016     
   2.0000061591327096     
   2.0000061175922621     
   2.0000060441363141     
   2.0000060371712127     
   2.0000060420365173     
   2.0000059737492304     
   2.0000059770186258     
   2.0000043410145434     
   2.0000031242218776     
   2.0000061517750751     
   2.0000062847538693     
   2.0000043070469555     
   2.0000064454511275     
   2.0000066986076774     
   2.0000069821276192     
   2.0000011539013620     
   2.0000075901036736     
   2.0000029781656625     
   2.0000057243438416     
   2.0000090193980089     
   2.0000097487373325     
   2.0000097456513739     
   2.0000076778948053     
   2.0000102550154608     
   2.0000118711186943     
   2.0000138710040147     
   2.0000092853159419     
   2.0000157363296651     
   2.0000119160736745     
   2.0000097166489379     
   2.0000167501505275     
   2.0000164276339589     
   2.0000135588383010     
   2.0000193206050181     
   2.0000197730511111     
   2.0000118289511679     
   2.0000234798465453     
   2.0000277374034545     
   2.0000223489917524     
   2.0000265915602355     
   2.0000254022865183     
   2.0000255991236600     
   2.0000342141584078     
   2.0000295371130408     
   2.0000305756011345     
   2.0000332572858079     
   2.0000306149257838     
   2.0000392233105888     
   2.0000425984249528     
   2.0000350892175565     
   2.0000399144603076     
   2.0000433870687582     
   2.0000443939537522     
   2.0000498938558398     
   2.0000518956068594     
   2.0000502777629094     
   2.0000580275858790     
   2.0000548012824400     
   2.0000623698762157     
   2.0000590520586785     
   2.0000595696601664     
   2.0000616574056469     
   2.0000646659985204     
   2.0000630764237002     
   2.0000698907744958     
   2.0000691719844212     
   2.0000643805968377     
   2.0000696701987080     
   2.0000727700878009     
   2.0000714603777290     
   2.0000743571472768     
   2.0000778971915754     
   2.0000794012421057     
   2.0000764189988267     
   2.0000776774780151     
   2.0000853908284126     
   2.0000818424538487     
   2.0000831944795063     
   2.0000882573703649     
   2.0000847512918867     
   2.0000870633362173     
   2.0000878387844478     
   2.0000909055652798     
   2.0000894375945926     
   2.0000913698582217     
   2.0000918359509079     
   2.0000946901971908     
   2.0000920846481804     
   2.0000970386139887     
   2.0000967146507111     
   2.0000962112079410     
   2.0000983372846406     
   2.0000999152721146     
   2.0001009312900342     
   2.0001002871924589     
   2.0001005222785633     
   2.0001044952626641     
   2.0001019913417153     
   2.0001028287902134     
   2.0001048084398603     
   2.0001027334183430     
   2.0001071627979581     
   2.0001060981911767     
   2.0001066213158376     
   2.0001097672380306     
   2.0001100453034271     
   2.0001104011362507     
   2.0001100131565899     
   2.0001136264419808     
   2.0001175165012208     
   2.0001158727992001     
   2.0001154631428522     
   2.0001157260902254     
   2.0001184026023608     
   2.0001190658882435     
   2.0001190049138899     
   2.0001218950706683     
   2.0001238543098854     
   2.0001248670652334     
   2.0001265396363479     
   2.0001275856307643     
   2.0001287655437494     
   2.0001314645679056     
   2.0001320520360437     
   2.0001345943067435     
   2.0001344630829951     
   2.0001362755254952     
   2.0001371318471115     
   2.0001390861624513     
   2.0001405138307966     
   2.0001405337031279     
   2.0001422440555210     
   2.0001452351336937     
   2.0001484125006979     
   2.0001453829409606     
   2.0001497304503140     
   2.0001506409435645     
   2.0001524445241259     
   2.0001538574291704     
   2.0001554106380066     
   2.0001552074637683     
   2.0001581033693157     
   2.0001600470147167     
   2.0001602937924758     
   2.0001621926416675     
   2.0001626252634068     
   2.0001652083708663     
   2.0001652540124688     
   2.0001658676423268     
   2.0001671882881302     
   2.0001692595132230     
   2.0001701743233635     
   2.0001699113997233     
   2.0001735317749514     
   2.0001737864537787     
   2.0001751968621875     
   2.0001754684982576     
   2.0001769295035894     
   2.0001766340522469     
   2.0001792890793926     
   2.0001795566719300     
   2.0001812461800395     
   2.0001812525212550     
   2.0001826382925003     
   2.0001829820628814     
   2.0001837777154527     
   2.0001849207039282     
   2.0001858199171387     
   2.0001867915446585     
   2.0001870302898226     
   2.0001882744661521     
   2.0001893626855285     
   2.0001897408075102     
   2.0001902390629347     
   2.0001915576240954     
   2.0001924336713781     
   2.0001924584316271     
   2.0001932457161740     
   2.0001939311289831     
   2.0001951951548662     
   2.0001954529276404     
   2.0001960151509026     
   2.0001964854185239     
   2.0001975344391063     
   2.0001980868954607     
   2.0001982558748672     
   2.0001986861151639     
   2.0001995103738270     
   2.0001997870096497     
   2.0002001570326442     
   2.0002012325803324     
   2.0002020216999590     
   2.0002028503574500     
   2.0002030989040946     
   2.0002039772849116     
   2.0002039523304260     
   2.0002047993490120     
   2.0002056057223463     
   2.0002066026640728     
   2.0002067810364963     
   2.0002077264556162     
   2.0002083220678983     
   2.0002093528719955     
   2.0002101581317584     
   2.0002107254230355     
   2.0002117517133513     
   2.0002125903620360     
   2.0002132531041750     
   2.0002142413349073     
   2.0002151865471971     
   2.0002160573923558     
   2.0002169568716468     
   2.0002178823402872     
   2.0002189139724935     
   2.0002199066070983     
   2.0002209024577340     
   2.0002218981442672     
   2.0002229000359506     
   2.0002239126757253     
   2.0002249157903775     
   2.0002258598401248     
   2.0002269434334226     
   2.0002279557854408     
   2.0002290507052236     
   2.0002300380117521     
   2.0002310557610437     
   2.0002321540030179     
   2.0002330355855880     
   2.0002342474769623     
   2.0002352501367717     
   2.0002362233687307     
   2.0002372289311108     
   2.0002382577025806     
   2.0002391984590062     
   2.0002400387637169     
   2.0002413959374294     
   2.0002421309254999     
   2.0002428844342166     
   2.0002435450417790     
   2.0002448422837729     
   2.0002462367402813     
   2.0002468793010078     
   2.0002470756128847     
   2.0002482168536115     
   2.0002489467103830     
   2.0002502509786435     
   2.0002503747695446     
   2.0002522152072877     
   2.0002524636794785     
   2.0002535571988442     
   2.0002542141856021     
   2.0002548878993158     
   2.0002555574614513     
   2.0002561621730424     
   2.0002567445174728     
   2.0002574971601037     
   2.0002587986064366     
   2.0002587925394639     
   2.0002600727830870     
   2.0002604355346669     
   2.0002611084271784     
   2.0002613233543656     
   2.0002618489158097     
   2.0002639737901085     
   2.0002652661628435     
   2.0002645263178551     
   2.0002649726155610     
   2.0002655923494785     
   2.0002658480274267     
   2.0002670931836128     
   2.0002668700179171     
   2.0002681355048226     
   2.0002695198282900     
   2.0002697989551823     
   2.0002706855797161     
   2.0002698289767089     
   2.0002714633535152     
   2.0002708058584204     
   2.0002720878966187     
   2.0002723374324427     
   2.0002738930399673     
   2.0002727388875670     
   2.0002731470439628     
   2.0002736497656821     
   2.0002743802169203     
   2.0002755489692170     
   2.0002760824139934     
   2.0002769987788014     
   2.0002779098080996     
   2.0002774948730560     
   2.0002798766741563     
   2.0002795819668684     
   2.0002798371242339     
   2.0002810847795054     
   2.0002818160375284     
   2.0002814035112308     
   2.0002829492562100     
   2.0002850060419832     
   2.0002858123466076     
   2.0002870069984979     
   2.0002871450316881     
   2.0002885878852243     
   2.0002897857841013     
   2.0002896150157632     
   2.0002922628405484     
   2.0002931930500285     
   2.0002949742571889     
   2.0002956455342940     
   2.0002980012581979     
   2.0002981361592571     
   2.0003010039663573     
   2.0002997103497204     
   2.0003065672540892     
   2.0003064738067877     
   2.0003085365784941     
   2.0003070133381691     
   2.0003119136962404     
   2.0003094556186891     
   2.0003141008457064     
   2.0003186119556844     
   2.0003183106179372     
   2.0003175045186250     
   2.0003208196069595     
   2.0003234755402337     
   2.0003204621175676     
   2.0003244724063087     
   2.0003254263726129     
   2.0003284726669257     
   2.0003287772594902     
   2.0003280817184805     
   2.0003315363523937     
   2.0003342155611135     
   2.0003344843550730     
   2.0003350250530492     
   2.0003371371808836     
   2.0003408014225936     
   2.0003357064650165     
   2.0003390661172951     
   2.0003429736826348     
   2.0003449871505357     
   2.0003451715123255     
   2.0003507640959981     
   2.0003466197160344     
   2.0003477514203230     
   2.0003546038149107     
   2.0003544823041874     
   2.0003525188007458     
   2.0003575104205265     
   2.0003587769398319     
   2.0003601848222945     
   2.0003599957444038     
   2.0003634877422911     
   2.0003656519111370     
   2.0003704512629525     
   2.0003667544155013     
   2.0003712674028788     
   2.0003768620224567     
   2.0003706314122258     
   2.0003755928485862     
   2.0003798077157278     
   2.0003773524382034     
   2.0003837240925719     
   2.0003837280813350     
   2.0003915662141605     
   2.0003918312019611     
   2.0003937813093700     
   2.0004003620360660     
   2.0003942501794265     
   2.0003979523147857     
   2.0003995481572692     
   2.0004107422087127     
   2.0004092594883272     
   2.0004196182697536     
   2.0004105387809119     
   2.0004129455577733     
   2.0004155144108120     
   2.0004316362033983     
   2.0004126241509379     
   2.0004213882124393     
   2.0004372124920504     
   2.0004339161700209     
   2.0004503003138456     
   2.0004328349149176     
   2.0004515329455330     
   2.0004529726638918     
   2.0004468101758501     
   2.0004552981391095     
   2.0004583457923983     
   2.0004757544499068     
   2.0004719083191111     
   2.0004828416549962     
   2.0004981376285862     
   2.0004902916917464     
   2.0005022530739804     
   2.0005176847906867     
   2.0005136407835629     
   2.0005058405867153     
   2.0005541459020755     
   2.0005215793318456     
   2.0005414353421642     
   2.0005367716303848     
   2.0005505203482246     
   2.0005626268518437     
   2.0005585020093459     
   2.0006126145204615     
   2.0006262689994867     
   2.0005954976590310     
   2.0006125885607835     
   2.0006604953461187     
   2.0006539074388918     
   2.0006891169783527     
   2.0006729252893170     
   2.0007618633302755     
   2.0007622147175956     
   2.0008063652128207     
   2.0007791691216834     
   2.0007756716870597     
   2.0007396078349613     
   2.0007582832879240     
   2.0008630836118861     
   2.0008058704377270     
   2.0008848447735947     
   2.0009222645734077     
   2.0010017174717838     
   2.0010055268322060     
   2.0010598252278120     
   2.0011058784398248     
   2.0011488480646502     
   2.0011069452771668     
   2.0013244656519635     
   2.0014332507466159     
   2.0014817146943695     
   2.0015287892439844     
   2.0019097111070145     
   2.0021468541476928     
   2.0016998343872832     
   2.0018214215189829     
   2.0034229442377693     
   2.0044272954239268     
   2.0029970401746180     
   2.0021068193635756     
   2.0041279903809279     
   2.0353719401740982     
   2.0106797445560733     
   2.0072733847722066     
   1.9763732022732512     
   1.9933584936282287     
   1.9931834166928653     
   1.9756832435026794     
   1.9965120466677675     
   1.9969359523238319     
   1.9976255721358527     
   1.9961390555369651     
   1.9975147367788431     
   1.9971352739779249     
   1.9984386763537563     
   1.9987882970601714     
   1.9990563443237752     
   1.9990422387387898     
   1.9985680144862563     
   1.9990904800252203     
   1.9991152744684406     
   1.9991516258204207     
   1.9992489292576252     
   1.9993617937890722     
   1.9994046120690516     
   1.9994150592877551     
   1.9994705208685417     
   1.9995412504091075     
   1.9995065009251851     
   1.9995730603172532     
   1.9995670361432545     
   1.9996035743616751     
   1.9995859691455351     
   1.9996678269231685     
   1.9996867887199650     
   1.9997116811016626     
   1.9997028439276450     
   1.9996719964559961     
   1.9996616318382721     
   1.9997318452001345     
   1.9997115979020834     
   1.9997623649532130     
   1.9997577807952087     
   1.9997592768621555     
   1.9997851391752759     
   1.9997750616151801     
   1.9997919964964153     
   1.9997903162477613     
   1.9997944763811306     
   1.9998247924482033     
   1.9998270508630256     
   1.9998044992361592     
   1.9998637601509395     
   1.9998548040008233     
   1.9998623065027550     
   1.9998570362443275     
   1.9998576290045484     
   1.9998415389618120     
   1.9998539228190353     
   1.9998674107939474     
   1.9998768615348235     
   1.9998656354089235     
   1.9998851981067265     
   1.9998791331989265     
   1.9998789088770490     
   1.9998910122807592     
   1.9998920920330558     
   1.9999056550294236     
   1.9998815173271125     
   1.9998977848803783     
   1.9999054438864174     
   1.9999036880486640     
   1.9999034391041262     
   1.9999206863350025     
   1.9999120069470377     
   1.9999180446057618     
   1.9999171823905497     
   1.9999322323780984     
   1.9999349447649610     
   1.9999377919377483     
   1.9999340510284906     
   1.9999257333070304     
   1.9999361892259824     
   1.9999331885919767     
   1.9999222716009797     
   1.9999385705574397     
   1.9999540253542367     
   1.9999361618123421     
   1.9999509180146813     
   1.9999422154740554     
   1.9999437147177632     
   1.9999643266694527     
   1.9999506041591637     
   1.9999506296418321     
   1.9999546173764031     
   1.9999680206762136     
   1.9999610435304458     
   1.9999590454872767     
   1.9999702313939494     
   1.9999668157008568     
   1.9999691281422045     
   1.9999681806831813     
   1.9999680209872892     
   1.9999777260074463     
   1.9999661574782504     
   1.9999745599031815     
   1.9999758931230585     
   1.9999724123129852     
   1.9999795523071899     
   1.9999848576662664     
   1.9999772159365312     
   1.9999838088926980     
   1.9999830295870797     
   1.9999887197037687     
   1.9999839624665317     
   1.9999856669106286     
   1.9999890946902639     
   1.9999934833348396     
   1.9999897098688368     
   1.9999921302828412     
   1.9999923170280418     
   1.9999950682207741     
   1.9999982042442053     
   1.9999960385932400     
   1.9999971526420541     
   1.9999982740562983     
   1.9999992979360961     
   2.0000003341182637     
   2.0000012929137068     
   2.0000021500193270     
   2.0000029419299956     
   2.0000037165962956     
   2.0000044625533064     
   2.0000051799810343     
   2.0000057308721910     
   2.0000063352721984     
   2.0000067815256912     
   2.0000072609079993     
   2.0000075228860741     
   2.0000077993114296     
   2.0000079859484288     
   2.0000081272980239     
   2.0000082448805792     
   2.0000082292912862     
   2.0000082045936258     
   2.0000080294360476     
   2.0000079708834111     
   2.0000077936635758     
   2.0000076154950914     
   2.0000075465339151     
   2.0000075054349509     
   2.0000074450772454     
   2.0000070834622381     
   2.0000072699858786     
   2.0000072928568464     
   2.0000072443261372     
   2.0000072237629620     
   2.0000071938147777     
   2.0000071391393028     
   2.0000071258336662     
   2.0000071384988019     
   2.0000066200509679     
   2.0000071852957433     
   2.0000058429318077     
   2.0000054474419078     
   2.0000055869296069     
   2.0000077871470729     
   2.0000058350610468     
   2.0000051183428837     
   2.0000084936248044     
   2.0000052837695250     
   2.0000091506326720     
   2.0000095130325750     
   2.0000073596411978     
   2.0000077629386634     
   2.0000111331223120     
   2.0000063734313818     
   2.0000122508707694     
   2.0000128672242941     
   2.0000086365499685     
   2.0000100967684071     
   2.0000145177154103     
   2.0000141105594778     
   2.0000135139815809     
   2.0000113088904445     
   2.0000149099092344     
   2.0000195424538232     
   2.0000188238590142     
   2.0000180960918184     
   2.0000133486222449     
   2.0000144344482695     
   2.0000153622428893     
   2.0000259125384083     
   2.0000213325999425     
   2.0000219615265600     
   2.0000264844175932     
   2.0000218965102299     
   2.0000178291121209     
   2.0000251069060440     
   2.0000310014853504     
   2.0000257451962469     
   2.0000270436483061     
   2.0000309782163228     
   2.0000241405093995     
   2.0000362184483036     
   2.0000357536896267     
   2.0000390920181168     
   2.0000376257264358     
   2.0000333995450577     
   2.0000364719068635     
   2.0000391050870197     
   2.0000465400628293     
   2.0000400515495036     
   2.0000448963934487     
   2.0000481772398766     
   2.0000474299440363     
   2.0000519904034100     
   2.0000514819388826     
   2.0000527728672335     
   2.0000529279411108     
   2.0000594202963793     
   2.0000611967783612     
   2.0000604256803589     
   2.0000614168767452     
   2.0000649370083359     
   2.0000640291373042     
   2.0000626067093705     
   2.0000651622134047     
   2.0000671778722481     
   2.0000689426836202     
   2.0000737580323111     
   2.0000737711399381     
   2.0000788753035899     
   2.0000737324544975     
   2.0000710998575659     
   2.0000801066546270     
   2.0000814093740686     
   2.0000829168575809     
   2.0000862590890325     
   2.0000853939457901     
   2.0000837215287222     
   2.0000837110395011     
   2.0000871945098604     
   2.0000916774190931     
   2.0000907191464652     
   2.0000878614890372     
   2.0000918468218387     
   2.0000920706021148     
   2.0000924577113057     
   2.0000962393626982     
   2.0000974144577803     
   2.0000958208802464     
   2.0001008140437859     
   2.0000989977284647     
   2.0000994387692987     
   2.0001021774073346     
   2.0001000473817028     
   2.0001019203940853     
   2.0001029360487701     
   2.0001039123738842     
   2.0001065815422940     
   2.0001049392507468     
   2.0001080589915912     
   2.0001078425224601     
   2.0001128376678086     
   2.0001094291790729     
   2.0001097099475817     
   2.0001108119554232     
   2.0001133908809230     
   2.0001134833278886     
   2.0001158980726395     
   2.0001153160490981     
   2.0001158605183260     
   2.0001155231853289     
   2.0001179980582435     
   2.0001205519915501     
   2.0001189714549046     
   2.0001189572119316     
   2.0001221545069559     
   2.0001256461251380     
   2.0001271620325269     
   2.0001269964675163     
   2.0001285385567371     
   2.0001288761211100     
   2.0001321874371421     
   2.0001311304093519     
   2.0001320675142864     
   2.0001334533209061     
   2.0001346638824344     
   2.0001364905113590     
   2.0001368059713869     
   2.0001430058042970     
   2.0001410670169637     
   2.0001405878109342     
   2.0001418823641455     
   2.0001435459884593     
   2.0001453369721656     
   2.0001455199480542     
   2.0001477719032490     
   2.0001503625030721     
   2.0001493494667422     
   2.0001515784811748     
   2.0001540794412733     
   2.0001531077953256     
   2.0001552627287107     
   2.0001570205424088     
   2.0001573789562612     
   2.0001578376346982     
   2.0001604678085467     
   2.0001619119271385     
   2.0001617587366702     
   2.0001630036333928     
   2.0001645918910995     
   2.0001660602685849     
   2.0001682573662327     
   2.0001675110135944     
   2.0001709669550554     
   2.0001696005970331     
   2.0001718397609443     
   2.0001730585387705     
   2.0001745018706889     
   2.0001760178385908     
   2.0001762293642074     
   2.0001781192157937     
   2.0001788017863440     
   2.0001793599358972     
   2.0001808888708830     
   2.0001823826109670     
   2.0001824014958824     
   2.0001844748818538     
   2.0001853437930617     
   2.0001858669217008     
   2.0001869598524582     
   2.0001883866851937     
   2.0001892636839855     
   2.0001905649661271     
   2.0001919577064675     
   2.0001920885437325     
   2.0001933778402101     
   2.0001940229269248     
   2.0001950634796124     
   2.0001959357573682     
   2.0001970605985591     
   2.0001974989067888     
   2.0001986380153340     
   2.0001992011305365     
   2.0001997353532515     
   2.0002007190693103     
   2.0002014834414137     
   2.0002021447837954     
   2.0002023201045258     
   2.0002034976924818     
   2.0002041591997841     
   2.0002049662958079     
   2.0002057116963226     
   2.0002062310699262     
   2.0002070514132351     
   2.0002074986518590     
   2.0002080740696258     
   2.0002086426411321     
   2.0002091502865449     
   2.0002097926433127     
   2.0002102979777892     
   2.0002110994540176     
   2.0002115305159505     
   2.0002121155738948     
   2.0002127789197912     
   2.0002134599271226     
   2.0002138060554469     
   2.0002146346946637     
   2.0002151518108491     
   2.0002158308804718     
   2.0002164515886633     
   2.0002171623608120     
   2.0002178285900118     
   2.0002185349790667     
   2.0002192416624425     
   2.0002199767032867     
   2.0002207050519232     
   2.0002215600648081     
   2.0002223562387691     
   2.0002231057049640     
   2.0002238871059159     
   2.0002247759274692     
   2.0002257312895275     
   2.0002265833152340     
   2.0002273702261810     
   2.0002283426253999     
   2.0002288911669375     
   2.0002302830116210     
   2.0002310384607283     
   2.0002317907516378     
   2.0002329151386240     
   2.0002339257531725     
   2.0002347735489714     
   2.0002358769633659     
   2.0002370428095224     
   2.0002379860211672     
   2.0002391328480336     
   2.0002398965110944     
   2.0002408847127899     
   2.0002420636367795     
   2.0002430127645781     
   2.0002434249930197     
   2.0002444790045883     
   2.0002453795038564     
   2.0002469447661966     
   2.0002476914899781     
   2.0002486861704707     
   2.0002496794275313     
   2.0002502629950953     
   2.0002511083334511     
   2.0002528608042258     
   2.0002544494460039     
   2.0002549867351274     
   2.0002555194098584     
   2.0002567794802513     
   2.0002573817314602     
   2.0002582043367827     
   2.0002590658186570     
   2.0002604043985026     
   2.0002601994297020     
   2.0002613761267174     
   2.0002626355316520     
   2.0002644763200870     
   2.0002649733640538     
   2.0002650677689413     
   2.0002677259397963     
   2.0002686683304889     
   2.0002688616468554     
   2.0002704239459881     
   2.0002710494707241     
   2.0002713314817715     
   2.0002725497962377     
   2.0002730675609639     
   2.0002739492344603     
   2.0002746566044327     
   2.0002758764279598     
   2.0002780565926130     
   2.0002778523582370     
   2.0002787554694450     
   2.0002780575457759     
   2.0002800485687846     
   2.0002810635599815     
   2.0002815106362544     
